1 2 1082040961
3 4 1082155839
5 2 1082414391
6 7 1082439619
8 7 1082439756
9 10 1082440403
9 11 1082440453
12 13 1082441188
9 14 1082441754
9 15 1082441824
9 16 1082441895
9 17 1082442153
9 14 1082442328
9 18 1082442560
19 18 1082443023
20 21 1082444944
19 22 1082450074
8 23 1082450243
9 24 1082450645
9 22 1082450656
25 21 1082467089
26 7 1082481125
27 28 1082490240
29 25 1082504083
30 31 1082517506
30 31 1082517511
30 31 1082517513
30 31 1082517516
32 33 1082518023
34 35 1082525530
34 33 1082525718
36 37 1082530949
38 39 1082538849
36 40 1082539557
41 15 1082540305
41 11 1082540354
41 14 1082540462
41 13 1082540496
41 39 1082541442
41 42 1082574211
41 43 1082576344
9 40 1082583700
44 45 1082585468
46 22 1082587705
44 46 1082588222
47 46 1082588508
48 46 1082589483
9 49 1082596555
36 50 1082597715
44 51 1082597751
32 52 1082598056
36 32 1082598122
53 54 1082598395
36 55 1082598545
56 57 1082598548
36 32 1082598685
36 58 1082598765
44 59 1082598920
51 58 1082598934
44 14 1082599072
36 56 1082599376
36 60 1082599717
56 61 1082600068
62 50 1082600409
36 60 1082600787
32 59 1082601455
36 60 1082601872
36 50 1082601913
41 63 1082602619
41 64 1082602668
41 65 1082602682
41 56 1082602700
41 61 1082602761
41 43 1082602778
41 52 1082602807
41 58 1082602838
41 59 1082603068
9 64 1082603124
9 58 1082603179
12 66 1082603219
32 58 1082603266
12 66 1082603268
67 32 1082603514
41 32 1082603571
67 32 1082603649
32 68 1082603681
68 56 1082603850
67 32 1082603868
67 32 1082603999
68 61 1082604018
67 32 1082604079
67 8 1082604696
69 67 1082605390
70 51 1082607167
44 50 1082607289
67 32 1082608354
71 58 1082608405
71 72 1082608481
51 58 1082608509
72 71 1082609249
73 74 1082609649
74 73 1082609719
73 74 1082609913
74 73 1082609972
34 58 1082610114
44 75 1082610117
44 75 1082610241
9 58 1082610294
73 74 1082610332
9 76 1082610339
32 77 1082611326
41 76 1082612106
41 78 1082612122
79 48 1082612494
79 63 1082612535
41 80 1082612618
79 58 1082612664
41 81 1082612672
79 70 1082612947
19 82 1082613371
19 72 1082613444
12 32 1082613466
19 64 1082613910
19 58 1082614030
19 58 1082614035
19 58 1082614037
19 52 1082614388
83 59 1082614460
51 70 1082614477
38 58 1082614831
41 58 1082616043
63 79 1082616085
41 63 1082616093
67 59 1082616359
41 63 1082616735
41 58 1082617102
44 84 1082617666
19 85 1082618206
19 72 1082618294
3 84 1082619042
19 8 1082619196
19 58 1082619271
84 86 1082619833
83 58 1082620003
36 60 1082620032
86 48 1082620231
87 63 1082620509
36 88 1082620689
87 8 1082620950
36 89 1082621383
90 56 1082621402
36 90 1082621459
36 84 1082621518
91 92 1082621575
36 93 1082621760
91 92 1082621825
36 90 1082621841
91 92 1082621981
36 60 1082622201
36 84 1082622692
51 58 1082622812
94 84 1082622904
36 84 1082623270
94 84 1082623289
94 84 1082623664
69 84 1082623764
69 95 1082623795
87 8 1082624060
3 84 1082624449
3 84 1082624696
48 86 1082625217
84 8 1082626287
91 81 1082627222
96 88 1082627395
8 84 1082628373
84 8 1082629290
91 47 1082629573
97 98 1082630222
98 97 1082630376
97 98 1082630411
48 97 1082630520
99 8 1082630832
99 8 1082630846
97 48 1082630976
100 101 1082631193
102 97 1082631289
97 48 1082631600
97 102 1082631611
101 100 1082631973
48 58 1082632034
97 48 1082632063
103 72 1082635084
103 58 1082635445
104 59 1082637588
104 59 1082637597
103 72 1082640108
105 56 1082653516
106 72 1082653683
105 61 1082653966
105 8 1082654051
105 33 1082654503
105 107 1082654817
105 81 1082655250
44 102 1082656071
36 105 1082659317
36 104 1082659895
34 108 1082660179
34 109 1082660743
36 110 1082660940
111 112 1082661553
34 58 1082662461
36 113 1082662716
36 109 1082662740
79 109 1082663507
114 105 1082663676
101 115 1082663773
56 90 1082664575
56 105 1082664609
56 68 1082664651
29 58 1082665970
87 58 1082666210
44 116 1082666706
44 117 1082667280
44 117 1082667312
44 79 1082667839
80 58 1082668259
96 32 1082669430
118 100 1082670352
119 120 1082670688
119 120 1082670704
120 119 1082670775
120 75 1082670850
119 120 1082670949
120 119 1082670972
119 58 1082671048
74 73 1082671401
118 120 1082671996
121 108 1082672486
72 106 1082672710
44 92 1082673531
26 122 1082673946
44 79 1082675428
1 123 1082676222
96 124 1082677446
125 126 1082677532
36 104 1082678664
44 79 1082680218
44 79 1082680860
36 124 1082680998
36 127 1082681628
36 128 1082681679
44 79 1082681912
44 129 1082682026
44 116 1082682189
9 120 1082682332
79 58 1082682731
36 109 1082683846
124 109 1082683974
36 109 1082684146
124 61 1082684222
124 72 1082684424
36 109 1082684927
36 112 1082685268
124 85 1082685511
85 124 1082685625
32 130 1082685691
36 112 1082685725
124 85 1082685768
72 124 1082686656
124 8 1082686913
131 30 1082687241
99 126 1082688025
103 72 1082688404
103 72 1082688765
103 63 1082689042
103 117 1082689139
103 72 1082689523
131 30 1082691496
69 95 1082692186
69 124 1082692204
69 79 1082692215
132 30 1082692234
36 99 1082692567
36 133 1082692612
36 60 1082692654
36 134 1082692856
36 133 1082692929
36 81 1082693082
103 72 1082693359
103 135 1082693580
133 135 1082693664
135 133 1082693705
36 133 1082693715
103 135 1082693727
19 52 1082693950
133 135 1082693958
103 135 1082694026
103 135 1082694074
135 133 1082694080
133 135 1082694144
36 133 1082694158
36 133 1082694612
36 133 1082695409
9 109 1082697472
9 109 1082698466
62 136 1082699464
96 32 1082700012
137 138 1082701057
96 137 1082701256
19 120 1082701459
44 90 1082701470
96 137 1082701484
137 138 1082701493
19 139 1082701903
44 60 1082702454
44 88 1082702546
44 102 1082702617
44 90 1082702670
19 111 1082702679
44 90 1082702885
9 32 1082702909
44 90 1082703058
44 90 1082703229
103 63 1082703442
103 72 1082703489
38 86 1082703540
140 105 1082703577
103 72 1082704067
38 86 1082704560
38 101 1082704766
38 101 1082705521
38 101 1082705563
103 101 1082705658
38 101 1082705768
103 101 1082705775
38 61 1082706733
75 120 1082706737
38 81 1082706844
44 141 1082706986
44 141 1082707082
44 74 1082707557
44 127 1082707684
124 135 1082709847
140 124 1082710212
19 82 1082710304
19 82 1082710599
19 82 1082710723
105 56 1082710926
19 82 1082710984
124 135 1082711051
105 58 1082711115
105 63 1082711129
19 82 1082711132
105 61 1082711211
105 135 1082711395
124 135 1082711713
71 72 1082712614
135 124 1082712846
9 32 1082712981
63 105 1082713007
72 71 1082713242
142 58 1082713344
124 135 1082713430
124 135 1082713619
143 32 1082713772
144 99 1082714081
144 105 1082714222
144 121 1082714356
9 109 1082714460
103 109 1082715683
103 63 1082715865
103 63 1082716576
103 109 1082716714
48 81 1082716717
95 81 1082716899
145 48 1082716941
95 63 1082716951
145 95 1082717081
95 109 1082717085
145 95 1082717213
145 48 1082717349
145 95 1082717511
145 48 1082717714
145 48 1082717856
95 109 1082717927
96 48 1082718139
95 109 1082718272
96 95 1082718540
96 95 1082718708
96 48 1082718758
96 95 1082718927
105 144 1082720154
105 63 1082720168
6 146 1082721036
44 60 1082741603
44 105 1082741645
63 95 1082742068
44 32 1082744110
114 105 1082745481
34 109 1082745659
36 105 1082745815
36 109 1082745893
36 147 1082746385
44 32 1082746993
19 120 1082747959
9 136 1082749051
9 148 1082749071
9 149 1082749129
9 150 1082749176
9 151 1082749262
9 152 1082749354
9 153 1082749374
9 58 1082749391
9 58 1082749400
9 135 1082749423
9 22 1082749444
9 8 1082749542
9 154 1082749637
9 121 1082749757
1 135 1082750393
3 155 1082750637
36 109 1082750770
3 155 1082750830
30 132 1082751284
3 58 1082751801
68 56 1082753565
36 156 1082756670
131 30 1082757534
101 51 1082758516
101 34 1082758745
9 8 1082758968
36 73 1082760011
96 95 1082760681
9 76 1082761826
9 8 1082762055
9 157 1082762898
19 158 1082763520
9 58 1082763674
9 32 1082764006
44 129 1082768258
105 135 1082768279
105 129 1082768355
44 129 1082768523
44 129 1082768576
44 129 1082768616
51 101 1082768729
1 159 1082768765
44 74 1082770262
44 129 1082770436
160 72 1082772499
129 8 1082773348
36 147 1082773642
36 109 1082773711
36 105 1082773798
36 129 1082773829
9 8 1082773864
34 101 1082777620
161 162 1082778734
163 72 1082780126
32 164 1082781105
58 8 1082781852
32 58 1082782023
41 76 1082782364
41 120 1082782436
41 132 1082782472
41 165 1082782510
41 166 1082782545
41 157 1082782564
41 167 1082782610
41 168 1082782632
41 169 1082782648
41 134 1082782678
56 68 1082782768
41 56 1082782793
56 154 1082782821
56 170 1082782896
56 171 1082782914
56 172 1082782926
103 101 1082783260
51 157 1082783365
32 130 1082783508
8 58 1082784142
8 164 1082784235
103 63 1082784982
103 173 1082785151
67 154 1082785541
32 26 1082786041
96 163 1082787361
9 58 1082787836
41 56 1082787880
9 20 1082788102
9 165 1082788143
9 61 1082788304
103 109 1082789132
32 155 1082789253
32 109 1082789317
32 174 1082789394
175 50 1082789421
103 85 1082789902
124 109 1082789993
164 8 1082790172
103 63 1082790636
38 128 1082790887
103 63 1082790910
103 63 1082790969
19 109 1082791017
103 63 1082791077
103 63 1082791153
161 164 1082791166
161 164 1082791168
38 109 1082791216
41 63 1082791248
103 63 1082791336
176 63 1082791356
41 63 1082791358
176 63 1082791450
41 63 1082791473
161 63 1082791505
103 63 1082791511
41 63 1082791516
176 63 1082791562
41 63 1082791565
161 63 1082791575
103 63 1082791590
32 164 1082791592
176 63 1082791613
41 63 1082791645
176 63 1082791703
41 63 1082791710
161 63 1082791719
103 63 1082791745
41 177 1082791770
41 177 1082791774
164 178 1082791796
164 177 1082791813
32 175 1082791825
32 177 1082791841
176 63 1082791866
164 179 1082791868
41 63 1082791906
32 179 1082791920
41 63 1082791939
41 63 1082792036
41 63 1082792059
41 63 1082792143
161 63 1082792170
96 164 1082792284
41 63 1082792398
41 177 1082792455
41 177 1082792495
41 63 1082792526
41 177 1082792551
41 63 1082792614
161 63 1082792625
32 177 1082792629
41 177 1082792639
32 177 1082792720
41 177 1082792724
41 63 1082792756
41 180 1082792771
32 177 1082792854
41 63 1082792871
161 63 1082792886
41 177 1082792890
41 180 1082792912
177 32 1082793033
41 63 1082793068
41 177 1082793085
180 177 1082793094
180 177 1082793101
180 181 1082793170
41 177 1082793174
180 182 1082793224
41 180 1082793307
41 90 1082793327
41 63 1082793357
32 177 1082793383
41 180 1082793490
41 63 1082793513
41 177 1082793526
177 180 1082793558
177 180 1082793622
177 32 1082793670
41 180 1082793700
41 177 1082793755
41 180 1082793760
32 177 1082793781
41 63 1082793787
183 184 1082793881
41 63 1082794070
177 32 1082794114
32 177 1082794174
41 177 1082794221
177 32 1082794244
175 32 1082794283
32 177 1082794299
32 175 1082794329
41 168 1082794400
175 32 1082794526
41 168 1082794637
41 177 1082794645
177 32 1082794657
63 174 1082794679
174 63 1082794697
63 174 1082794707
174 63 1082794736
41 168 1082794747
41 177 1082794771
32 175 1082794790
63 174 1082794802
174 63 1082794833
41 168 1082794838
9 32 1082794860
41 177 1082794873
63 174 1082794876
32 177 1082794883
175 32 1082794917
32 175 1082795011
41 168 1082795045
41 177 1082795074
41 168 1082795084
41 168 1082795092
63 155 1082795137
174 63 1082795149
41 177 1082795168
177 32 1082795176
41 168 1082795183
175 32 1082795194
63 174 1082795208
174 63 1082795272
63 174 1082795293
41 168 1082795341
41 177 1082795363
41 177 1082795396
32 175 1082795417
41 177 1082795418
175 32 1082795610
175 32 1082795631
32 175 1082795710
41 177 1082795788
41 168 1082795801
174 63 1082795805
63 174 1082795864
41 168 1082795899
41 168 1082796000
41 177 1082796028
41 168 1082796053
41 177 1082796076
174 63 1082796103
63 174 1082796121
41 168 1082796413
41 177 1082796466
41 177 1082796748
41 177 1082796780
41 177 1082797126
9 32 1082797139
41 177 1082797141
41 185 1082797151
41 168 1082797165
185 147 1082797326
185 32 1082797493
41 185 1082797560
41 177 1082797577
32 185 1082797717
186 185 1082797726
140 185 1082797734
155 32 1082797735
32 155 1082797758
185 186 1082797791
155 63 1082797849
41 177 1082797958
103 177 1082798009
187 186 1082798153
185 97 1082798242
103 97 1082798277
187 186 1082798295
41 185 1082798385
41 185 1082798407
41 186 1082798448
41 185 1082798456
41 186 1082798529
185 63 1082798706
41 168 1082798741
187 186 1082798811
63 155 1082798883
63 185 1082798922
103 58 1082799018
103 63 1082799073
187 186 1082799132
103 188 1082799336
189 175 1082799344
189 175 1082799395
140 185 1082799492
187 186 1082799495
185 109 1082799513
140 185 1082799813
189 8 1082800356
102 97 1082800359
140 185 1082800502
41 86 1082800641
41 188 1082800924
101 100 1082801641
101 190 1082802260
191 175 1082802278
101 190 1082802281
101 190 1082802311
101 190 1082802380
101 190 1082802402
103 192 1082802453
101 190 1082802514
101 190 1082802555
101 190 1082802568
101 190 1082802619
101 190 1082802644
101 190 1082802655
101 190 1082802667
101 190 1082802673
193 149 1082802716
101 100 1082802726
193 190 1082802768
191 78 1082802803
101 190 1082802819
101 190 1082802827
190 109 1082802893
101 190 1082802914
193 190 1082802940
109 124 1082803230
103 109 1082803230
103 190 1082803315
103 109 1082803503
103 109 1082803592
41 192 1082804389
194 149 1082805529
194 195 1082805994
176 20 1082807759
176 61 1082807764
176 149 1082807780
176 120 1082807785
176 132 1082807790
176 86 1082807799
176 97 1082807823
176 72 1082807847
176 58 1082807851
176 8 1082807856
176 196 1082808059
176 197 1082808067
176 198 1082808071
176 199 1082808080
176 200 1082808084
176 190 1082808088
176 192 1082808093
176 201 1082808097
176 188 1082808101
176 202 1082808108
176 185 1082808113
176 203 1082808118
176 180 1082808131
176 181 1082808140
176 177 1082808145
176 184 1082808153
176 175 1082808160
176 166 1082808912
204 205 1082813713
204 104 1082813753
204 184 1082814036
189 144 1082814588
3 185 1082832584
3 32 1082833362
199 58 1082833487
63 185 1082833784
63 199 1082833945
63 184 1082833992
199 101 1082834275
194 199 1082835672
194 206 1082835766
194 207 1082835825
204 123 1082836027
121 191 1082836177
175 191 1082836204
204 129 1082836225
63 199 1082836274
101 184 1082836277
101 208 1082836380
63 46 1082836457
63 199 1082837518
101 88 1082838056
191 121 1082838759
191 175 1082838772
103 177 1082838861
199 20 1082838963
184 101 1082839022
103 132 1082839070
199 209 1082839321
101 184 1082839444
36 105 1082839806
103 210 1082839859
36 209 1082839951
184 101 1082840457
209 199 1082840582
199 209 1082840800
199 210 1082840963
101 184 1082841297
184 101 1082842693
176 101 1082844137
68 101 1082844540
32 198 1082845340
211 101 1082846758
212 209 1082846766
211 213 1082847002
211 93 1082847025
211 85 1082847072
189 199 1082847398
214 215 1082848269
103 109 1082848309
103 215 1082848352
103 82 1082848373
44 214 1082848393
103 215 1082848569
63 199 1082848571
63 199 1082848608
103 215 1082848718
103 215 1082848743
103 168 1082848828
214 109 1082848843
215 67 1082848903
103 215 1082848932
214 215 1082848939
41 215 1082848944
41 216 1082848965
103 127 1082849042
215 62 1082849207
214 109 1082849305
176 217 1082849417
176 216 1082849439
176 218 1082849598
103 109 1082849766
219 124 1082850049
19 109 1082850176
63 127 1082850584
88 101 1082850713
103 168 1082850895
103 56 1082851082
63 127 1082851193
103 56 1082851231
214 56 1082851233
214 56 1082851282
63 127 1082851434
51 215 1082851605
19 175 1082851882
19 109 1082851910
44 214 1082851949
215 51 1082852027
44 214 1082852211
19 215 1082852340
19 215 1082852382
103 175 1082852800
44 214 1082852820
19 215 1082853180
103 175 1082853216
214 175 1082853229
51 215 1082853328
19 215 1082853352
214 215 1082853407
215 51 1082853455
19 215 1082853560
96 95 1082853756
96 32 1082853843
19 215 1082853844
96 164 1082853870
103 215 1082853897
103 215 1082854064
19 215 1082854150
144 185 1082854319
103 168 1082854425
220 214 1082854426
220 32 1082854527
19 215 1082854539
144 32 1082854637
103 175 1082854853
103 175 1082854944
175 214 1082854961
103 175 1082855027
103 175 1082855142
103 175 1082855336
176 221 1082855702
103 98 1082856217
3 32 1082856808
222 120 1082856866
41 222 1082856892
41 222 1082857416
41 223 1082857909
214 175 1082858085
41 97 1082858249
41 134 1082858396
51 215 1082858465
36 222 1082858527
36 221 1082858589
212 66 1082858779
96 224 1082859059
175 214 1082859471
214 175 1082859521
225 223 1082859852
36 221 1082859885
36 214 1082859925
176 223 1082859948
176 226 1082859961
221 161 1082859979
36 221 1082859994
44 226 1082860239
221 161 1082860379
36 221 1082860500
221 161 1082860754
56 214 1082860934
221 161 1082860940
221 161 1082861121
221 161 1082861421
161 221 1082861739
36 221 1082861880
36 214 1082861948
221 161 1082862258
204 221 1082862650
227 26 1082862781
211 228 1082863494
214 101 1082864167
229 230 1082864976
220 214 1082865111
96 231 1082865360
96 232 1082865421
103 221 1082865495
103 20 1082865816
103 86 1082865878
220 214 1082866000
220 214 1082866248
103 66 1082866401
212 66 1082866818
124 109 1082866991
103 185 1082867307
212 6 1082867532
103 185 1082867662
103 8 1082867874
63 202 1082867948
63 185 1082867986
103 93 1082868321
63 185 1082868333
9 233 1082870312
103 233 1082870381
9 97 1082870627
9 190 1082870736
166 234 1082872216
69 34 1082872324
69 34 1082872358
235 191 1082872392
69 185 1082872623
41 166 1082873861
41 32 1082873924
3 32 1082874683
3 132 1082874803
1 30 1082875165
41 32 1082875654
41 173 1082875666
103 166 1082876439
63 127 1082877117
63 199 1082877436
103 166 1082877744
63 92 1082878073
97 228 1082878605
97 228 1082878605
103 58 1082880535
191 136 1082881208
32 58 1082881660
131 30 1082882503
191 236 1082882528
32 237 1082882709
9 235 1082882811
101 34 1082882856
237 32 1082882877
97 191 1082882893
48 81 1082882962
48 81 1082882967
175 214 1082883270
176 233 1082883506
9 101 1082883520
48 52 1082883809
48 52 1082883813
48 175 1082883835
52 48 1082883884
48 52 1082883971
9 177 1082884190
97 191 1082884232
9 175 1082884244
52 48 1082884244
175 48 1082884333
96 48 1082884479
41 32 1082884511
9 175 1082884570
41 174 1082884650
9 175 1082884947
48 175 1082885487
12 175 1082885499
48 52 1082885579
175 48 1082885637
48 175 1082885661
12 175 1082885665
12 168 1082885702
12 175 1082885727
52 48 1082885760
175 48 1082885764
48 52 1082885813
12 81 1082885824
12 175 1082885851
48 175 1082885872
175 48 1082885995
12 175 1082886030
48 175 1082886052
12 175 1082886054
52 48 1082886083
48 52 1082886157
12 175 1082886172
175 48 1082886236
52 48 1082886253
12 175 1082886316
48 52 1082886336
12 175 1082886351
48 175 1082886368
12 175 1082886421
175 48 1082886450
52 48 1082886469
12 175 1082886544
12 175 1082886587
12 175 1082886610
220 214 1082886643
12 175 1082886675
88 220 1082886688
48 175 1082886740
48 52 1082886758
12 175 1082886835
175 48 1082886857
52 48 1082886858
9 175 1082886907
48 175 1082886952
12 175 1082886971
12 175 1082887049
175 48 1082887056
12 175 1082887127
9 175 1082887137
48 175 1082887211
12 175 1082887212
48 52 1082887232
9 175 1082887269
175 48 1082887307
9 209 1082887307
12 175 1082887319
48 175 1082887418
103 66 1082887443
103 52 1082887532
12 175 1082887549
103 66 1082887567
175 48 1082887579
52 48 1082887603
103 66 1082887671
12 175 1082887678
12 175 1082887699
48 52 1082887827
48 175 1082887873
175 48 1082887958
48 175 1082888015
48 175 1082888041
9 175 1082888043
9 209 1082888052
175 48 1082888140
175 48 1082888220
220 48 1082888339
9 175 1082888339
48 175 1082888392
144 185 1082888413
175 48 1082888524
220 48 1082888536
48 175 1082888645
144 222 1082888725
220 48 1082888735
175 48 1082888740
220 48 1082888751
220 48 1082888917
48 175 1082888920
220 48 1082888953
175 48 1082889054
48 175 1082889075
220 48 1082889113
175 48 1082889140
144 195 1082889149
48 175 1082889180
191 237 1082889202
220 48 1082889235
175 48 1082889359
220 48 1082889416
48 175 1082889474
220 95 1082889542
95 168 1082889561
220 48 1082889610
176 198 1082889621
220 95 1082889643
191 175 1082889644
220 95 1082889677
176 201 1082889744
175 48 1082889746
175 191 1082889784
191 175 1082889800
48 175 1082889822
175 191 1082889856
175 48 1082889864
191 175 1082889893
144 88 1082889910
175 191 1082889911
220 48 1082889912
191 175 1082889944
175 191 1082890000
144 238 1082890036
191 175 1082890042
175 191 1082890098
220 95 1082890105
239 175 1082890119
144 240 1082890169
239 175 1082890229
239 236 1082890272
220 95 1082890344
220 48 1082890453
220 95 1082890494
12 90 1082890594
220 95 1082890705
144 23 1082890722
220 95 1082890779
3 132 1082890791
220 95 1082891353
220 95 1082891427
220 95 1082891687
103 52 1082891732
144 32 1082891807
220 48 1082891832
144 48 1082891974
36 222 1082892015
220 95 1082892045
88 144 1082892059
220 95 1082892126
220 95 1082892318
220 95 1082892518
144 48 1082892909
220 48 1082893190
144 48 1082893197
220 95 1082893204
220 95 1082893221
220 48 1082893246
9 144 1082893416
144 241 1082894381
103 144 1082894822
9 216 1082896466
194 242 1082898211
194 199 1082898283
194 209 1082898359
194 182 1082898422
32 144 1082916711
32 243 1082917027
204 241 1082920909
63 127 1082921464
227 144 1082922014
194 209 1082924527
168 95 1082925314
63 127 1082925927
44 214 1082926341
41 32 1082928441
9 244 1082929648
245 191 1082929848
228 97 1082930135
211 228 1082932458
211 246 1082932673
19 52 1082932884
233 88 1082933693
34 242 1082933989
19 233 1082934223
127 63 1082935467
143 32 1082935765
143 95 1082935814
9 235 1082936101
9 177 1082936128
63 127 1082936805
32 88 1082936843
211 233 1082937060
88 32 1082937580
32 88 1082937803
247 248 1082937885
248 247 1082937994
176 248 1082938175
176 248 1082938396
211 232 1082939235
88 32 1082939473
176 248 1082939913
176 63 1082939964
32 88 1082940004
249 63 1082940059
41 250 1082940866
41 248 1082940869
95 168 1082940878
41 251 1082940883
34 242 1082941180
176 72 1082941624
44 88 1082942825
103 177 1082943527
103 86 1082943650
12 168 1082944411
51 86 1082944567
212 252 1082944891
176 63 1082944983
41 97 1082945103
168 95 1082945228
249 63 1082945257
212 34 1082945287
212 252 1082945306
176 63 1082945312
212 252 1082945495
176 63 1082945596
212 34 1082945648
249 63 1082945798
212 34 1082946058
103 63 1082946164
144 247 1082946205
204 51 1082946226
103 63 1082946267
101 208 1082946301
212 34 1082946540
212 252 1082946633
53 253 1082948735
9 251 1082948778
164 8 1082950430
8 164 1082950522
212 34 1082950910
44 88 1082951104
44 48 1082951267
44 88 1082951300
44 48 1082951438
254 8 1082951480
8 254 1082951551
44 88 1082951704
254 8 1082951755
95 168 1082951893
254 8 1082952078
8 254 1082952225
254 8 1082952345
8 254 1082952399
254 8 1082952539
1 255 1082953823
103 256 1082955438
143 32 1082955515
204 257 1082956140
52 48 1082956481
258 76 1082956655
168 95 1082957133
259 260 1082957380
261 256 1082957450
19 52 1082957505
204 81 1082957673
19 52 1082957685
259 256 1082957765
51 260 1082957918
260 51 1082958043
204 262 1082958047
19 52 1082958105
103 260 1082958123
263 254 1082958138
263 254 1082958311
204 51 1082958356
260 51 1082958564
204 51 1082958693
41 256 1082958864
204 51 1082958867
204 51 1082958883
36 254 1082958907
204 51 1082958919
36 222 1082958944
204 51 1082959027
204 51 1082959053
204 51 1082959263
204 51 1082959303
62 215 1082959336
204 51 1082959459
264 158 1082959529
6 122 1082959563
204 51 1082959897
36 254 1082959982
36 6 1082960026
41 265 1082960053
204 51 1082960057
204 51 1082960298
36 6 1082960602
36 254 1082960649
260 51 1082960659
204 51 1082960672
36 222 1082960750
96 6 1082960820
204 51 1082960837
96 6 1082960895
256 259 1082960931
204 48 1082960943
36 254 1082960952
36 6 1082960970
204 51 1082960973
96 6 1082960993
36 6 1082961076
96 6 1082961084
204 51 1082961176
96 6 1082961242
204 51 1082961242
36 6 1082961311
36 254 1082961339
36 254 1082961365
204 48 1082961392
96 6 1082961537
211 251 1082961570
204 266 1082961699
204 51 1082961727
267 260 1082961748
267 256 1082961772
260 51 1082961860
260 267 1082961870
12 260 1082961879
263 191 1082961929
12 101 1082962022
204 48 1082962113
204 51 1082962153
204 266 1082962179
12 175 1082962234
204 48 1082962262
204 51 1082962447
51 267 1082962531
260 51 1082962543
204 48 1082962575
260 51 1082962615
268 149 1082962676
267 51 1082962686
189 8 1082962975
63 127 1082963055
51 267 1082963180
204 48 1082963303
204 221 1082963419
127 63 1082963512
204 48 1082963526
212 6 1082963598
204 48 1082963698
204 48 1082963741
267 51 1082963914
140 6 1082963954
12 175 1082963984
103 267 1082963990
204 48 1082963999
69 254 1082964096
212 34 1082964277
212 48 1082964379
103 267 1082964745
176 269 1082964847
204 48 1082964990
103 166 1082965148
19 265 1082965192
95 168 1082965334
212 254 1082965685
212 48 1082965883
176 270 1082966014
176 267 1082966042
212 48 1082966218
69 271 1082966219
212 48 1082966415
69 271 1082966429
69 271 1082966689
69 271 1082966760
272 273 1082966813
69 271 1082966844
48 256 1082966852
69 271 1082966928
274 48 1082967168
69 271 1082967206
274 48 1082967462
144 260 1082967605
103 265 1082967629
212 48 1082967716
263 222 1082967817
198 256 1082967828
103 270 1082967931
176 256 1082968126
212 48 1082968173
263 239 1082968223
212 48 1082968537
135 105 1082968737
263 239 1082968947
103 228 1082968955
212 48 1082969098
103 228 1082969149
204 48 1082969190
101 271 1082969403
101 34 1082969638
275 20 1082969709
103 228 1082969738
276 8 1082969738
20 275 1082969776
20 275 1082969785
101 34 1082969792
263 277 1082969961
263 277 1082970044
140 6 1082970336
9 135 1082970407
140 278 1082970440
9 135 1082970857
34 101 1082970979
127 260 1082971101
9 135 1082971150
101 68 1082971275
260 127 1082971353
103 52 1082971457
199 279 1082971533
199 260 1082971702
260 199 1082971964
260 127 1082971984
41 101 1082972294
63 127 1082972379
19 52 1082972464
41 280 1082972502
271 101 1082972614
68 101 1082972625
176 101 1082972650
260 127 1082972760
281 254 1082972822
41 280 1082973198
41 280 1082973247
277 68 1082973381
282 34 1082973381
176 283 1082973436
176 283 1082973442
41 280 1082973474
176 283 1082973512
176 283 1082973527
41 280 1082973742
176 248 1082973961
176 284 1082974060
176 166 1082974144
220 271 1082974197
41 270 1082974249
12 101 1082974280
220 67 1082974303
9 135 1082974309
12 101 1082974386
67 256 1082974526
12 101 1082974579
36 285 1082974655
12 101 1082974853
220 67 1082974962
286 221 1082974992
36 285 1082975725
36 285 1082975764
101 32 1082976041
189 132 1082977240
220 221 1082977423
220 221 1082977768
221 3 1082979630
181 180 1082979777
181 177 1082979788
181 177 1082979801
181 260 1082980205
260 287 1082980899
236 239 1082984436
260 181 1082990408
51 288 1082997707
215 51 1082999612
1 255 1083002608
79 166 1083002711
79 256 1083002837
79 260 1083002917
204 68 1083003469
289 135 1083003485
204 79 1083003512
204 276 1083003577
204 221 1083003589
204 271 1083003597
3 221 1083003722
58 199 1083003991
44 290 1083004997
27 221 1083006622
291 292 1083007282
69 293 1083007302
69 104 1083007346
9 260 1083008168
114 124 1083008385
199 58 1083009684
63 290 1083010200
32 291 1083010857
36 236 1083011025
36 291 1083011135
51 294 1083011411
36 236 1083013364
105 135 1083014060
211 228 1083015753
291 32 1083016090
211 260 1083016196
204 68 1083016582
204 276 1083016687
204 79 1083016708
295 296 1083016814
204 48 1083017089
211 288 1083017192
211 284 1083017242
204 288 1083017268
204 284 1083017396
294 51 1083017720
263 277 1083017863
6 221 1083017914
44 129 1083018602
297 191 1083018944
70 124 1083019152
32 291 1083020491
51 294 1083021617
53 291 1083021844
204 298 1083022164
294 51 1083022276
9 32 1083023022
9 177 1083023075
220 221 1083023508
289 220 1083023948
211 265 1083024166
221 3 1083025217
221 6 1083025404
221 211 1083025931
27 221 1083026148
277 34 1083026255
263 277 1083026576
277 299 1083026942
277 299 1083027037
300 52 1083027132
212 67 1083028007
277 50 1083028488
204 221 1083029301
204 181 1083029386
211 221 1083029651
140 124 1083029836
6 221 1083029893
184 32 1083030012
193 233 1083030013
32 184 1083030041
32 184 1083030163
32 184 1083030264
301 63 1083030317
32 184 1083030405
193 149 1083030532
289 8 1083030664
9 299 1083030944
140 124 1083030975
6 88 1083031058
302 138 1083031145
204 68 1083031256
288 51 1083032211
288 211 1083032265
228 211 1083032504
260 51 1083032516
260 199 1083032539
260 79 1083032563
260 211 1083032603
260 181 1083032703
63 301 1083032793
303 294 1083033278
204 68 1083033436
155 3 1083034076
205 304 1083034095
155 8 1083034587
277 252 1083035131
204 68 1083035176
212 211 1083035238
204 68 1083035536
204 68 1083035816
204 68 1083035963
288 50 1083036046
204 68 1083036102
101 32 1083036179
204 68 1083036461
143 67 1083036825
212 228 1083037271
212 228 1083037427
228 121 1083037809
67 164 1083037958
67 132 1083038046
228 61 1083038176
228 304 1083038352
305 306 1083038413
239 236 1083038532
114 124 1083038647
51 294 1083038988
67 172 1083039126
51 288 1083039195
277 172 1083039328
288 51 1083039395
209 299 1083039452
67 175 1083039858
3 221 1083040089
3 155 1083040542
307 6 1083040579
307 6 1083040656
307 51 1083040803
6 299 1083040855
307 6 1083040896
307 6 1083041034
277 51 1083041045
307 6 1083041232
277 79 1083041256
277 51 1083041290
281 308 1083041513
307 6 1083041550
277 51 1083041605
193 302 1083041702
307 6 1083041796
302 193 1083041845
307 67 1083042068
281 302 1083042070
193 302 1083042184
307 6 1083042202
60 308 1083042284
60 308 1083042290
60 308 1083042293
60 308 1083042296
60 308 1083042299
309 175 1083042328
310 72 1083042558
143 67 1083042564
308 60 1083042622
212 209 1083042629
302 193 1083042689
307 67 1083042792
189 302 1083042906
193 302 1083042930
212 34 1083043002
277 184 1083043025
281 302 1083043079
302 193 1083043118
189 302 1083043169
193 302 1083043278
212 34 1083043534
277 184 1083043697
277 184 1083043880
302 193 1083044032
277 184 1083044172
9 177 1083044324
277 184 1083044420
9 299 1083044490
277 184 1083044683
121 228 1083044794
193 302 1083044947
308 60 1083045016
36 211 1083045130
302 193 1083045132
303 212 1083045343
36 155 1083045391
193 302 1083045403
193 311 1083045481
36 34 1083045621
194 296 1083045631
211 128 1083045796
36 211 1083045812
296 63 1083046108
302 193 1083046309
194 312 1083046371
281 302 1083046424
193 302 1083046517
9 8 1083046581
128 51 1083046587
194 132 1083046681
294 51 1083046737
302 193 1083046747
128 51 1083046855
294 51 1083046856
299 209 1083046925
9 8 1083046954
299 6 1083046959
248 283 1083046991
128 236 1083047094
263 308 1083047186
281 302 1083047192
9 299 1083047269
36 299 1083047287
19 302 1083047289
128 51 1083047351
9 8 1083047431
128 51 1083047473
294 51 1083047562
67 32 1083047686
103 299 1083047721
36 299 1083047725
9 299 1083047774
313 228 1083047914
263 308 1083047970
9 8 1083048049
314 308 1083048108
277 191 1083048142
212 51 1083048203
306 305 1083048275
9 299 1083048359
277 191 1083048364
9 8 1083048388
9 299 1083048537
212 51 1083048577
263 311 1083048584
103 299 1083048646
277 191 1083048714
103 299 1083048866
277 191 1083048886
9 299 1083048890
193 280 1083049022
212 51 1083049049
314 254 1083049150
281 302 1083049258
303 212 1083049398
303 298 1083049431
263 315 1083049439
212 51 1083049455
263 316 1083049459
260 51 1083049507
51 59 1083049532
263 315 1083049576
260 79 1083049585
103 299 1083049587
128 211 1083049589
314 308 1083049642
314 51 1083049663
314 34 1083049674
103 299 1083049757
286 221 1083049799
308 315 1083049856
9 315 1083049863
9 316 1083049878
317 315 1083049918
318 124 1083049958
63 296 1083050023
128 51 1083050040
9 316 1083050074
286 34 1083050138
9 299 1083050144
314 51 1083050197
212 51 1083050222
317 315 1083050238
63 301 1083050270
128 236 1083050292
260 51 1083050318
9 316 1083050322
314 48 1083050322
314 34 1083050384
318 34 1083050385
286 34 1083050435
294 51 1083050442
204 51 1083050451
140 124 1083050465
204 68 1083050540
204 298 1083050563
318 34 1083050581
314 48 1083050631
314 34 1083050659
50 288 1083050734
314 34 1083050820
286 34 1083051051
176 311 1083051145
9 8 1083051161
176 306 1083051214
176 299 1083051243
176 319 1083051270
176 300 1083051310
144 193 1083051361
282 67 1083051363
176 315 1083051369
176 316 1083051374
9 8 1083051420
288 50 1083051546
228 121 1083051548
318 34 1083051558
318 124 1083051565
282 34 1083051590
212 6 1083051630
297 34 1083051657
124 318 1083051679
289 212 1083051760
297 88 1083051797
140 124 1083051818
254 308 1083051851
9 8 1083051860
83 313 1083051910
103 318 1083051932
140 124 1083051980
9 8 1083052010
34 318 1083052109
297 34 1083052114
144 288 1083052138
214 154 1083052157
212 6 1083052166
212 6 1083052351
36 299 1083052376
144 88 1083052479
308 254 1083052485
101 184 1083052500
9 8 1083052516
212 6 1083052524
254 308 1083052558
211 288 1083052594
94 320 1083052599
282 214 1083052599
211 260 1083052612
318 124 1083052624
36 211 1083052634
212 211 1083052634
288 211 1083052650
318 34 1083052680
211 228 1083052696
211 288 1083052822
194 88 1083052853
212 211 1083052966
144 290 1083053076
27 194 1083053076
194 88 1083053094
212 34 1083053150
9 32 1083053191
9 8 1083053230
176 233 1083053234
124 318 1083053318
176 32 1083053336
44 99 1083053358
144 48 1083053372
144 51 1083053606
318 34 1083053687
9 8 1083053715
318 34 1083053742
318 124 1083053756
176 32 1083053785
212 34 1083053810
228 315 1083053834
44 99 1083053934
32 184 1083054004
9 316 1083054026
321 144 1083054061
144 99 1083054096
44 99 1083054129
67 32 1083054297
9 8 1083054350
184 101 1083054369
41 184 1083054375
67 32 1083054432
67 32 1083054475
193 315 1083054480
144 193 1083054553
9 8 1083054583
9 299 1083054608
9 260 1083054617
9 132 1083054686
144 99 1083054768
144 322 1083054880
44 99 1083055071
144 193 1083055125
281 323 1083055126
99 144 1083055155
144 193 1083055198
144 99 1083055286
95 52 1083055317
52 95 1083055368
103 324 1083055543
95 52 1083055578
103 324 1083055714
63 155 1083055734
176 324 1083055752
297 325 1083055773
297 325 1083055798
144 99 1083055804
44 299 1083055886
209 299 1083055918
297 325 1083055942
297 34 1083055973
60 308 1083055973
103 324 1083055994
144 99 1083056032
51 324 1083056097
155 63 1083056124
297 325 1083056136
324 51 1083056145
78 326 1083056161
51 324 1083056179
324 51 1083056209
63 155 1083056210
51 324 1083056250
324 51 1083056278
297 325 1083056308
281 144 1083056320
51 324 1083056368
144 193 1083056373
67 63 1083056419
212 209 1083056471
324 51 1083056485
144 99 1083056517
193 144 1083056526
51 324 1083056573
297 325 1083056595
144 193 1083056623
34 324 1083056627
323 34 1083056649
144 99 1083056662
63 67 1083056718
144 193 1083056788
297 325 1083056790
307 325 1083056894
144 99 1083056900
212 51 1083056901
297 325 1083056938
324 51 1083057014
27 194 1083057044
297 325 1083057091
324 34 1083057097
144 48 1083057110
144 48 1083057129
34 324 1083057135
319 34 1083057168
48 144 1083057181
319 325 1083057193
34 88 1083057207
212 51 1083057216
144 99 1083057286
297 325 1083057302
52 95 1083057310
319 325 1083057341
144 48 1083057352
319 34 1083057379
204 327 1083057433
297 325 1083057466
204 68 1083057538
204 51 1083057547
51 324 1083057556
325 319 1083057607
324 51 1083057715
297 325 1083057823
52 328 1083057875
281 144 1083057892
103 324 1083057920
51 324 1083057935
324 329 1083057936
297 325 1083057954
212 51 1083057965
329 324 1083057973
62 78 1083057988
297 325 1083058072
72 291 1083058126
324 51 1083058191
212 51 1083058197
324 329 1083058200
9 294 1083058318
329 324 1083058323
103 324 1083058351
9 97 1083058361
204 68 1083058366
9 318 1083058393
128 329 1083058456
9 78 1083058474
38 52 1083058505
9 52 1083058560
308 60 1083058563
9 330 1083058672
51 52 1083058686
9 86 1083058711
51 331 1083058818
38 288 1083058828
38 288 1083058831
332 333 1083058843
324 329 1083058863
51 324 1083058896
9 61 1083058911
9 262 1083058949
38 288 1083059026
12 168 1083059027
324 51 1083059050
9 288 1083059152
51 324 1083059239
9 288 1083059326
12 288 1083059364
62 260 1083059388
128 324 1083059426
12 288 1083059442
281 323 1083059456
324 51 1083059457
9 288 1083059530
313 78 1083059560
281 323 1083059568
38 288 1083059583
12 288 1083059595
9 288 1083059600
9 316 1083059623
51 324 1083059670
324 51 1083059686
303 316 1083059728
12 288 1083059733
38 288 1083059770
9 316 1083059792
51 324 1083059809
103 324 1083059814
38 288 1083059874
12 288 1083059875
67 90 1083059898
324 51 1083059913
303 316 1083059914
9 288 1083059931
38 288 1083059942
316 303 1083059948
12 288 1083059955
334 128 1083059967
303 316 1083059998
281 323 1083060043
38 288 1083060045
335 34 1083060072
103 324 1083060073
51 324 1083060080
9 316 1083060080
38 288 1083060107
12 288 1083060124
38 288 1083060143
323 281 1083060162
12 288 1083060164
9 288 1083060166
38 288 1083060170
12 288 1083060195
103 324 1083060197
38 288 1083060206
324 51 1083060211
323 281 1083060244
38 288 1083060245
323 281 1083060271
51 324 1083060274
12 288 1083060276
9 97 1083060292
9 288 1083060329
324 51 1083060344
323 281 1083060350
12 288 1083060378
12 288 1083060472
9 282 1083060512
12 288 1083060540
324 329 1083060576
281 323 1083060582
333 319 1083060587
9 288 1083060642
323 281 1083060686
332 281 1083060704
9 316 1083060730
329 324 1083060744
9 288 1083060745
323 281 1083060745
9 288 1083060781
323 281 1083060791
332 281 1083060818
281 323 1083060921
336 315 1083060928
9 288 1083060984
323 281 1083060986
323 281 1083061017
128 324 1083061026
9 288 1083061042
332 281 1083061050
9 288 1083061065
9 288 1083061071
9 288 1083061077
281 323 1083061126
9 288 1083061140
335 34 1083061218
336 333 1083061234
335 34 1083061242
323 281 1083061252
128 324 1083061261
308 333 1083061262
332 281 1083061291
333 308 1083061296
9 288 1083061374
332 281 1083061376
332 281 1083061394
332 281 1083061417
323 281 1083061491
335 34 1083061492
323 281 1083061531
281 323 1083061557
9 288 1083061557
36 189 1083061558
333 329 1083061635
323 281 1083061687
323 281 1083061703
323 333 1083061805
335 34 1083061813
34 101 1083061823
41 97 1083061849
36 75 1083061851
103 324 1083061862
329 333 1083061862
332 281 1083061881
128 221 1083061923
103 316 1083061923
323 281 1083061927
36 211 1083061962
41 308 1083061972
260 211 1083061973
128 324 1083062033
335 34 1083062037
337 281 1083062166
103 324 1083062185
34 313 1083062191
41 308 1083062198
337 260 1083062215
337 281 1083062238
281 254 1083062362
34 313 1083062390
337 281 1083062399
335 34 1083062404
41 308 1083062468
254 281 1083062514
62 260 1083062612
335 34 1083062887
220 221 1083063012
308 311 1083063152
176 311 1083063154
103 324 1083063250
335 34 1083063288
128 329 1083063334
324 51 1083063451
41 308 1083063472
41 308 1083063499
41 308 1083063595
103 324 1083063630
9 308 1083063636
338 260 1083063738
260 338 1083063738
103 324 1083063751
260 338 1083063758
254 311 1083063783
335 34 1083063796
311 308 1083063820
263 311 1083063847
311 254 1083063867
254 311 1083063936
263 311 1083063938
9 308 1083063989
308 311 1083064028
335 34 1083064113
191 315 1083064139
103 311 1083064183
335 191 1083064183
335 34 1083064203
311 50 1083064218
311 254 1083064231
311 308 1083064259
34 311 1083064271
308 311 1083064307
254 311 1083064311
9 308 1083064344
335 191 1083064348
9 311 1083064366
103 311 1083064455
103 324 1083064528
9 308 1083064535
9 308 1083064551
9 311 1083064559
103 311 1083064567
9 311 1083064652
254 8 1083064759
9 308 1083064853
204 339 1083064944
103 311 1083064955
324 329 1083065103
329 324 1083065130
9 282 1083065252
324 329 1083065262
313 34 1083065296
313 34 1083065434
329 324 1083065512
324 329 1083065735
34 313 1083065739
34 313 1083065877
329 324 1083065896
53 34 1083066192
50 311 1083066198
53 340 1083066211
53 308 1083066921
53 305 1083067015
53 341 1083067059
313 34 1083067112
48 311 1083067491
338 319 1083067955
34 313 1083068038
319 34 1083082176
319 333 1083082264
319 338 1083082289
342 260 1083084866
67 32 1083086889
51 324 1083087641
319 333 1083090612
319 325 1083090771
317 311 1083091492
97 338 1083092071
97 191 1083092085
34 343 1083092897
34 299 1083093126
299 34 1083093170
34 299 1083093502
120 222 1083093578
344 209 1083093802
32 8 1083093823
41 120 1083094118
47 78 1083094295
345 56 1083094714
345 318 1083094824
299 34 1083095027
34 299 1083095083
313 34 1083095776
220 32 1083096640
63 32 1083097060
294 51 1083098056
44 299 1083099877
44 34 1083099910
332 308 1083101060
88 144 1083101271
277 6 1083101610
44 34 1083101799
53 308 1083101863
53 346 1083102130
319 333 1083103114
297 88 1083103124
314 333 1083103443
235 347 1083103578
314 228 1083103631
338 348 1083103804
314 95 1083103809
319 338 1083103868
319 338 1083103968
314 48 1083104021
349 8 1083104084
319 338 1083104339
349 319 1083104496
317 308 1083104612
317 308 1083104711
9 233 1083104901
317 308 1083104947
44 308 1083104962
317 308 1083105030
317 308 1083105108
317 308 1083105124
317 308 1083105152
317 308 1083105188
317 308 1083105206
263 308 1083105258
317 308 1083105295
317 308 1083105325
97 338 1083105510
317 308 1083105554
317 308 1083105599
317 308 1083105621
317 308 1083105640
317 308 1083105768
317 308 1083105781
317 308 1083105804
263 308 1083105827
317 308 1083105855
317 308 1083105883
308 263 1083105906
263 308 1083105927
103 97 1083105978
317 263 1083106081
308 281 1083106137
333 319 1083106174
317 263 1083106178
317 263 1083106193
317 263 1083106201
281 308 1083106477
317 263 1083106505
191 347 1083107133
317 254 1083107261
317 254 1083107272
317 254 1083107293
317 254 1083107317
317 254 1083107331
317 263 1083107357
317 254 1083107520
317 263 1083107576
317 254 1083107591
317 254 1083107608
317 254 1083107619
34 313 1083107633
44 34 1083107815
317 254 1083107922
317 254 1083107942
337 254 1083108005
337 254 1083108049
337 254 1083108196
337 281 1083108433
332 281 1083108556
317 191 1083108586
317 254 1083108596
332 281 1083108666
254 302 1083108728
302 281 1083108753
317 191 1083108754
302 254 1083108789
317 191 1083108790
254 302 1083108846
337 281 1083108854
337 281 1083108935
51 324 1083108951
302 254 1083108967
317 263 1083108980
317 254 1083108991
263 281 1083109025
281 263 1083109044
254 302 1083109062
272 263 1083109086
263 254 1083109094
302 254 1083109122
281 263 1083109163
263 281 1083109175
254 302 1083109188
302 254 1083109226
254 302 1083109281
281 263 1083109460
303 298 1083109467
263 281 1083109478
302 254 1083109553
324 51 1083109713
254 302 1083109744
281 263 1083109899
263 281 1083110161
281 263 1083110433
332 281 1083110443
281 263 1083110470
332 281 1083110472
263 281 1083110482
337 281 1083110507
281 263 1083110513
281 263 1083110535
337 281 1083110537
263 281 1083110540
296 63 1083110545
263 281 1083110551
281 263 1083110594
281 263 1083111023
281 263 1083111065
337 281 1083111094
337 281 1083111103
281 308 1083111111
281 254 1083111141
263 281 1083111187
337 281 1083111207
337 281 1083111224
263 281 1083111257
281 263 1083111291
263 281 1083111343
317 281 1083111406
53 341 1083111523
27 184 1083112125
281 302 1083112158
204 184 1083112174
160 72 1083112651
160 72 1083112689
27 184 1083112815
308 281 1083112911
212 263 1083113199
27 184 1083113383
281 308 1083113428
51 324 1083113618
324 51 1083113699
350 6 1083114319
351 299 1083114475
350 299 1083114639
239 349 1083115099
304 228 1083115308
263 352 1083115356
350 299 1083115436
319 349 1083115463
101 208 1083115776
353 254 1083115808
103 134 1083115870
353 254 1083116167
317 319 1083116285
176 101 1083116435
317 308 1083116497
281 352 1083116783
62 354 1083117117
316 355 1083117394
316 263 1083117461
316 281 1083117490
103 353 1083117970
281 316 1083118047
272 316 1083118315
99 349 1083119116
204 184 1083119288
172 128 1083119324
321 233 1083119427
6 252 1083119900
8 349 1083120013
332 281 1083120107
277 263 1083120564
3 51 1083120835
356 63 1083121409
308 281 1083121502
237 191 1083121868
357 358 1083122396
32 263 1083122477
3 51 1083122495
289 359 1083122681
176 101 1083122770
308 281 1083122831
281 308 1083122855
308 281 1083122881
204 184 1083122905
204 271 1083122952
332 308 1083123030
332 308 1083123188
69 349 1083123209
191 237 1083123211
69 155 1083123217
332 308 1083123239
263 32 1083123605
291 32 1083123614
291 72 1083123705
317 308 1083123744
289 86 1083123926
3 51 1083123956
72 291 1083124059
323 340 1083124107
323 281 1083124221
332 263 1083124339
263 316 1083124442
61 105 1083124541
61 105 1083124549
323 34 1083124567
316 263 1083124601
323 281 1083124713
316 263 1083124795
3 308 1083124835
323 281 1083124936
176 61 1083124980
328 52 1083125071
323 281 1083125213
281 323 1083125349
323 281 1083125400
281 323 1083125532
32 291 1083125667
12 360 1083125878
235 191 1083126430
235 263 1083126449
357 358 1083128409
357 128 1083128724
357 175 1083128819
60 194 1083129305
60 194 1083129425
103 314 1083130095
103 360 1083130334
103 158 1083130437
12 360 1083131104
48 314 1083131165
12 316 1083131167
332 316 1083131203
103 360 1083131885
308 337 1083132247
221 211 1083132310
221 128 1083132431
44 308 1083132852
44 308 1083132933
44 308 1083133066
323 281 1083133100
323 340 1083133114
131 297 1083133383
211 221 1083133705
323 102 1083133785
323 191 1083133846
302 281 1083133883
323 102 1083133977
41 308 1083134153
34 313 1083134189
277 263 1083134259
323 191 1083134389
313 34 1083134433
41 308 1083134624
34 313 1083134771
323 191 1083134978
323 88 1083135153
349 8 1083135530
307 48 1083135577
63 74 1083135684
41 32 1083135702
131 297 1083135788
317 263 1083135894
209 242 1083135954
355 316 1083135991
316 355 1083136032
266 50 1083136067
316 263 1083136393
53 305 1083136411
316 308 1083136498
263 316 1083136514
307 48 1083136547
316 263 1083136550
272 316 1083136551
88 323 1083136552
349 297 1083136578
272 263 1083136599
307 48 1083136620
323 88 1083136665
272 316 1083136669
297 349 1083136808
272 316 1083136812
297 349 1083136923
263 316 1083136937
263 316 1083136956
272 260 1083136970
297 248 1083137013
316 263 1083137033
281 323 1083137057
316 263 1083137060
297 349 1083137068
323 281 1083137141
323 281 1083137184
281 302 1083137194
323 281 1083137249
294 339 1083137261
281 323 1083137333
263 316 1083137340
297 349 1083137362
316 263 1083137394
323 281 1083137436
323 281 1083137494
297 349 1083137510
281 323 1083137527
323 88 1083137549
263 316 1083137588
323 281 1083137598
316 263 1083137621
281 323 1083137707
297 349 1083137730
124 323 1083137742
349 97 1083137749
162 161 1083137757
323 281 1083137758
281 323 1083137899
323 281 1083137978
323 281 1083137998
297 349 1083138057
99 349 1083138260
281 323 1083138267
277 308 1083138279
277 361 1083138354
323 281 1083138365
124 323 1083138370
281 323 1083138424
88 323 1083138433
281 323 1083138436
323 281 1083138504
277 362 1083138524
97 316 1083138532
97 349 1083138543
323 88 1083138554
323 281 1083138578
344 128 1083138597
363 364 1083138653
212 51 1083138754
212 211 1083138789
355 316 1083138845
323 281 1083138883
212 263 1083139085
302 281 1083139159
242 209 1083139161
19 302 1083139273
323 281 1083139285
97 349 1083139355
281 323 1083139359
323 281 1083139423
323 281 1083139452
316 355 1083139485
308 316 1083139493
316 308 1083139527
281 302 1083139552
308 316 1083139564
88 323 1083139566
316 308 1083139579
323 88 1083139641
307 281 1083139730
307 281 1083139798
228 314 1083139818
281 323 1083139845
332 281 1083139859
281 323 1083139880
332 281 1083139887
332 281 1083139923
307 254 1083139925
334 364 1083139926
212 88 1083139956
332 281 1083139957
323 102 1083139959
323 281 1083140008
323 88 1083140071
323 281 1083140081
307 254 1083140090
75 313 1083140095
307 281 1083140151
209 365 1083140178
307 254 1083140197
307 281 1083140206
323 75 1083140220
307 254 1083140320
308 254 1083140339
323 88 1083140377
19 331 1083140395
254 308 1083140402
323 75 1083140433
19 365 1083140542
212 75 1083140553
323 75 1083140593
313 75 1083140652
365 209 1083140659
323 124 1083140684
19 365 1083140686
323 75 1083140743
75 313 1083140759
212 88 1083140760
345 318 1083140780
323 124 1083140829
19 365 1083140865
19 365 1083140900
19 365 1083140921
212 75 1083140966
308 60 1083141016
313 75 1083141058
308 254 1083141276
19 365 1083141296
286 221 1083141392
9 308 1083141393
88 212 1083141602
19 365 1083141617
74 63 1083141620
75 313 1083141669
88 358 1083141673
9 308 1083141709
313 75 1083141716
72 337 1083141737
358 88 1083141742
323 75 1083141817
9 177 1083141822
9 311 1083141836
75 313 1083141854
36 75 1083141855
88 358 1083141858
9 366 1083141867
323 281 1083141867
9 358 1083141913
19 365 1083141919
323 75 1083141939
36 75 1083141951
212 88 1083141961
60 308 1083142028
358 88 1083142055
212 224 1083142078
36 75 1083142144
97 349 1083142162
286 367 1083142193
19 365 1083142289
9 282 1083142352
9 358 1083142388
19 365 1083142492
286 202 1083142568
286 202 1083142579
286 202 1083142586
9 358 1083142760
19 365 1083142780
368 367 1083142794
212 75 1083142865
355 316 1083142975
36 361 1083143010
128 236 1083143145
334 128 1083143150
367 368 1083143181
254 337 1083143233
254 281 1083143250
254 281 1083143321
281 254 1083143413
20 21 1083143438
254 281 1083143446
20 275 1083143511
368 367 1083143556
75 313 1083143574
9 212 1083143604
32 63 1083143617
212 75 1083143621
63 74 1083143647
63 32 1083143685
368 288 1083143729
327 144 1083143813
74 63 1083143924
288 368 1083143972
32 63 1083144020
144 281 1083144039
32 263 1083144116
313 75 1083144164
144 88 1083144298
63 74 1083144301
63 32 1083144339
368 288 1083144342
97 349 1083144400
97 327 1083144424
316 355 1083144442
144 142 1083144518
288 368 1083144550
74 63 1083144650
368 288 1083144704
355 316 1083144802
314 228 1083144830
144 369 1083144841
288 368 1083144846
323 281 1083144858
314 48 1083144869
212 74 1083144891
144 370 1083144904
314 48 1083144924
63 74 1083144940
371 306 1083144947
314 95 1083144949
368 288 1083144961
311 48 1083144967
144 359 1083144977
288 368 1083145087
323 372 1083145100
368 288 1083145118
63 74 1083145146
316 355 1083145159
212 75 1083145284
289 212 1083145400
144 283 1083145535
355 316 1083145556
316 355 1083145734
316 263 1083145881
263 316 1083145985
277 191 1083146053
316 263 1083146121
144 48 1083146144
355 316 1083146268
263 316 1083146306
316 355 1083146448
332 281 1083146562
235 191 1083146576
373 308 1083146660
248 283 1083146712
308 373 1083146755
308 373 1083146778
338 144 1083146817
212 263 1083146862
308 281 1083146863
248 374 1083146867
103 316 1083146901
355 316 1083146903
316 355 1083146969
355 316 1083147144
220 221 1083147259
316 355 1083147270
355 316 1083147291
316 355 1083147342
103 375 1083147394
372 242 1083147394
128 324 1083147464
103 365 1083147541
44 174 1083147556
44 373 1083147626
103 316 1083147664
368 340 1083147683
95 365 1083147693
44 372 1083147763
372 368 1083147779
9 177 1083147862
281 308 1083148043
9 371 1083148055
44 365 1083148067
365 95 1083148075
281 323 1083148151
308 281 1083148170
9 368 1083148197
44 372 1083148205
372 371 1083148231
281 308 1083148266
340 368 1083148319
48 314 1083148340
368 340 1083148356
372 375 1083148414
95 365 1083148554
48 311 1083148567
332 281 1083148649
236 128 1083148697
365 95 1083148838
372 375 1083148880
95 365 1083148914
372 376 1083148965
376 372 1083149047
376 377 1083149099
365 95 1083149166
335 72 1083149193
372 376 1083149202
102 97 1083149286
335 155 1083149427
337 72 1083149431
103 375 1083149543
335 88 1083149664
103 378 1083149875
103 365 1083149939
103 375 1083150105
176 374 1083150228
9 368 1083150297
337 72 1083150341
53 305 1083150411
248 375 1083150520
375 248 1083150545
335 155 1083150570
248 375 1083150611
72 337 1083150661
335 368 1083150769
379 349 1083150819
335 72 1083150875
332 352 1083150975
335 72 1083151011
335 98 1083151115
335 98 1083151122
335 368 1083151288
335 98 1083151307
41 380 1083151332
41 371 1083151398
98 97 1083151401
335 50 1083151412
41 381 1083151428
335 365 1083151479
41 382 1083151499
41 343 1083151551
335 368 1083151617
41 383 1083151668
335 368 1083151813
335 368 1083152042
103 365 1083152089
335 368 1083152177
128 236 1083152220
335 368 1083152305
368 194 1083152391
194 368 1083152429
335 72 1083152450
368 194 1083152490
335 368 1083152504
335 368 1083152718
368 236 1083152743
368 322 1083152810
335 368 1083152968
335 368 1083153200
171 56 1083153402
368 309 1083155520
62 102 1083159370
62 347 1083159981
176 378 1083161080
176 378 1083161781
32 63 1083167759
32 378 1083167893
189 358 1083170282
317 311 1083172175
300 384 1083172926
41 300 1083172988
41 325 1083173033
97 338 1083173335
309 368 1083173405
372 97 1083173714
372 375 1083174053
1 146 1083174345
1 101 1083174402
1 211 1083174521
1 30 1083174545
70 385 1083175465
277 362 1083175978
154 56 1083176496
321 154 1083177133
27 221 1083179751
79 365 1083179870
79 386 1083179953
228 314 1083180305
239 349 1083180419
386 50 1083180464
386 260 1083180544
319 338 1083180598
376 50 1083180920
50 386 1083180993
50 376 1083181040
386 50 1083181066
376 50 1083181083
376 50 1083181117
386 387 1083181258
386 50 1083181338
30 72 1083181776
277 362 1083182175
277 376 1083182225
63 32 1083183305
376 191 1083184016
212 376 1083184122
212 376 1083184217
212 376 1083184299
371 377 1083184313
311 48 1083184364
376 377 1083184382
212 376 1083184456
311 365 1083184703
388 306 1083185425
378 32 1083185550
189 349 1083185555
314 48 1083186009
50 386 1083186180
50 376 1083186192
9 177 1083186521
359 144 1083186948
34 365 1083187220
1 30 1083187700
385 70 1083188010
254 378 1083188047
345 361 1083188074
345 346 1083188134
365 79 1083188282
365 311 1083188295
204 374 1083188823
72 30 1083189907
204 374 1083190175
204 298 1083190231
145 88 1083190253
204 298 1083190310
204 298 1083190376
189 349 1083190416
70 385 1083190453
204 298 1083190514
204 298 1083190598
191 376 1083190894
389 254 1083191069
63 337 1083191088
63 193 1083191103
337 63 1083191258
212 388 1083191372
263 378 1083191460
212 376 1083191490
212 224 1083191605
390 316 1083192012
27 184 1083192164
391 349 1083192242
349 391 1083192529
212 224 1083192671
378 254 1083193464
378 263 1083193520
392 383 1083193545
319 337 1083194130
387 386 1083194180
393 394 1083194576
395 8 1083194665
395 8 1083194742
393 263 1083194781
396 378 1083194882
395 8 1083194947
176 396 1083195002
386 387 1083195085
386 343 1083195163
176 396 1083195231
9 391 1083195250
9 52 1083195281
308 281 1083195369
8 395 1083195482
9 386 1083195490
9 8 1083195583
176 396 1083195607
289 392 1083195745
41 391 1083195881
289 375 1083195924
41 325 1083195939
289 371 1083195978
254 378 1083195994
289 391 1083196240
308 373 1083196317
308 263 1083196453
263 308 1083196509
378 254 1083196704
260 386 1083196812
254 378 1083196814
393 263 1083196964
378 254 1083197060
393 263 1083197082
254 378 1083197140
281 308 1083197188
281 308 1083197259
393 263 1083197401
393 263 1083197519
378 254 1083197529
372 97 1083197620
321 359 1083197634
372 376 1083197639
283 260 1083197654
372 97 1083197711
254 378 1083197758
393 263 1083197789
308 281 1083197816
254 396 1083197850
378 254 1083197852
254 378 1083197896
62 371 1083198015
378 254 1083198016
254 378 1083198079
1 397 1083198125
396 254 1083198141
254 396 1083198225
321 396 1083198244
396 254 1083198373
32 378 1083198385
32 63 1083198432
327 97 1083198442
254 396 1083198504
357 396 1083198681
378 254 1083198727
378 32 1083198773
396 254 1083198784
332 308 1083198794
357 378 1083198814
357 396 1083198851
254 396 1083198894
254 378 1083198967
220 373 1083199026
357 378 1083199060
32 378 1083199072
220 308 1083199076
220 224 1083199086
357 396 1083199144
396 254 1083199199
220 62 1083199210
254 396 1083199222
220 254 1083199308
378 254 1083199315
376 191 1083199323
220 62 1083199370
378 32 1083199381
254 378 1083199473
254 378 1083199485
378 254 1083199644
254 378 1083199748
204 294 1083199905
32 396 1083200013
398 209 1083200184
32 378 1083200329
321 396 1083200395
254 378 1083200412
355 316 1083200669
399 396 1083200817
378 254 1083200832
378 32 1083200861
145 88 1083200874
145 263 1083200895
32 378 1083201059
399 364 1083201297
399 382 1083201592
209 396 1083201641
399 126 1083201663
399 299 1083201731
399 375 1083201937
32 58 1083201953
378 32 1083201975
32 378 1083202107
399 59 1083202181
289 371 1083202315
399 386 1083202606
399 76 1083202747
398 378 1083202937
400 32 1083202966
74 379 1083202985
74 396 1083203084
398 378 1083203190
74 378 1083203199
399 365 1083203203
378 74 1083203297
398 378 1083203320
399 311 1083203733
48 311 1083203818
399 149 1083204152
373 308 1083204272
400 32 1083204525
316 355 1083204570
316 390 1083204591
398 378 1083204717
228 392 1083205140
373 308 1083205315
378 396 1083205607
396 378 1083205734
396 378 1083205749
378 396 1083206032
378 396 1083206084
400 396 1083206226
36 296 1083206638
12 175 1083206807
74 378 1083206863
36 128 1083206957
36 401 1083206976
400 396 1083206983
378 74 1083207011
74 378 1083207048
12 402 1083207078
396 74 1083207235
396 399 1083207320
12 402 1083207457
400 396 1083207501
12 402 1083207734
12 402 1083207761
400 396 1083208051
12 402 1083208124
212 303 1083208426
365 399 1083208549
400 396 1083208682
368 309 1083209008
400 396 1083209121
95 365 1083209298
9 175 1083209348
9 52 1083209365
9 8 1083209389
30 72 1083209396
310 97 1083209459
9 212 1083209613
403 8 1083209696
9 88 1083209949
9 34 1083209974
402 281 1083210040
323 281 1083210223
176 396 1083210712
303 212 1083211062
176 396 1083211091
303 389 1083211125
44 242 1083211146
176 263 1083211462
44 242 1083211519
393 191 1083211543
191 396 1083211552
8 403 1083211589
393 191 1083211594
396 191 1083211642
176 396 1083211667
396 191 1083211676
191 396 1083211681
393 191 1083211689
396 191 1083211753
9 8 1083211762
400 323 1083211820
176 396 1083211861
191 396 1083211874
396 191 1083211927
393 191 1083212059
41 263 1083212068
393 191 1083212147
176 396 1083212199
9 8 1083212227
384 300 1083212522
9 212 1083212657
6 404 1083212843
212 394 1083212880
176 396 1083213010
9 8 1083213046
176 396 1083213088
398 405 1083213365
176 396 1083213426
9 8 1083213475
176 396 1083213503
398 405 1083213517
176 396 1083213844
398 405 1083213846
9 34 1083213963
191 405 1083214153
398 405 1083214172
9 8 1083214215
9 212 1083214294
405 191 1083214344
398 405 1083214401
398 405 1083214559
314 281 1083214560
194 406 1083214602
103 396 1083214605
6 378 1083214688
398 405 1083214718
103 405 1083214769
378 6 1083214804
389 254 1083214842
389 62 1083214871
398 405 1083214873
389 303 1083214893
191 405 1083214923
398 405 1083214944
405 191 1083214986
398 405 1083215064
191 405 1083215136
405 191 1083215191
378 396 1083215223
79 365 1083215388
281 314 1083215393
281 402 1083215425
281 323 1083215449
41 407 1083215561
9 405 1083215575
404 132 1083215706
314 228 1083215792
314 281 1083215832
378 396 1083215863
212 303 1083216093
281 314 1083216169
297 62 1083216191
9 405 1083216267
378 396 1083216517
103 393 1083216541
9 405 1083216615
9 212 1083216703
297 62 1083216715
9 405 1083216975
74 408 1083217055
9 405 1083217059
378 396 1083217388
9 405 1083217442
409 50 1083217598
201 410 1083217655
410 201 1083217719
201 410 1083217766
201 52 1083217783
214 396 1083217837
41 396 1083217877
396 214 1083217905
214 396 1083217940
103 371 1083217978
396 214 1083217986
378 396 1083217998
103 371 1083218018
214 396 1083218105
378 396 1083218187
396 214 1083218208
308 281 1083218229
409 50 1083218239
41 396 1083218251
212 376 1083218255
281 308 1083218322
308 281 1083218393
214 396 1083218419
41 396 1083218471
396 214 1083218490
281 308 1083218587
214 396 1083218712
308 281 1083218732
308 32 1083218884
344 403 1083219067
396 214 1083219088
260 283 1083219132
214 396 1083219173
6 378 1083219431
281 308 1083219739
344 403 1083219783
308 281 1083219974
272 273 1083220154
63 337 1083220166
27 406 1083220177
297 272 1083220344
344 403 1083220406
344 403 1083220639
263 405 1083220671
344 403 1083220837
303 389 1083220890
3 308 1083221349
38 365 1083221365
368 394 1083221685
3 88 1083221936
321 411 1083222059
321 411 1083222067
88 3 1083222126
234 166 1083222313
321 412 1083222336
402 281 1083222424
307 368 1083222429
281 402 1083222471
212 303 1083222543
405 263 1083222547
103 344 1083222577
172 344 1083222617
9 212 1083222651
9 411 1083222672
9 411 1083222677
372 389 1083222749
372 407 1083222817
394 368 1083222824
409 263 1083222839
372 407 1083222841
368 394 1083222892
6 413 1083222937
321 405 1083222990
212 413 1083223010
131 393 1083223044
38 288 1083223049
131 191 1083223195
321 344 1083223298
27 414 1083223333
38 405 1083223357
389 303 1083223406
38 175 1083223474
415 329 1083223534
27 414 1083223584
414 396 1083223586
303 212 1083223638
413 6 1083223739
27 414 1083223832
83 368 1083223844
212 413 1083223894
6 413 1083224009
344 172 1083224016
27 414 1083224077
9 177 1083224185
325 344 1083224233
321 344 1083224246
27 414 1083224261
321 389 1083224328
69 6 1083224349
103 343 1083224372
38 405 1083224433
69 403 1083224483
27 414 1083224518
204 374 1083224586
38 177 1083224606
325 378 1083224673
212 413 1083224686
321 177 1083224695
317 281 1083224721
303 212 1083224744
321 72 1083224778
317 308 1083224793
212 413 1083224888
321 72 1083224967
416 212 1083225060
27 414 1083225112
27 414 1083225158
325 6 1083225437
281 352 1083225447
212 387 1083225461
6 325 1083225500
323 281 1083225523
212 416 1083225534
303 212 1083225668
32 308 1083225699
325 6 1083225713
6 325 1083225750
131 393 1083225796
67 410 1083225813
323 281 1083225819
67 410 1083225826
303 6 1083225849
303 6 1083225882
357 343 1083225937
67 396 1083225965
277 417 1083226006
357 405 1083226021
277 417 1083226034
131 393 1083226043
303 212 1083226088
212 416 1083226109
357 393 1083226123
67 378 1083226128
413 212 1083226153
357 63 1083226171
323 281 1083226183
131 393 1083226252
317 281 1083226317
317 281 1083226338
357 389 1083226361
311 365 1083226398
311 399 1083226473
212 413 1083226513
69 418 1083226522
317 281 1083226566
323 281 1083226573
41 407 1083226600
378 325 1083226728
413 212 1083226757
365 311 1083226772
378 67 1083226791
378 6 1083226840
378 325 1083226900
6 378 1083226933
27 414 1083226961
323 413 1083227096
378 6 1083227182
303 212 1083227216
96 74 1083227291
350 6 1083227343
41 407 1083227344
350 6 1083227387
212 376 1083227390
6 378 1083227395
350 6 1083227402
323 337 1083227468
52 201 1083227549
321 311 1083227747
323 356 1083227754
321 311 1083227755
212 413 1083227780
378 6 1083227796
376 6 1083227829
69 75 1083227852
335 72 1083227871
19 396 1083227879
3 51 1083227914
41 407 1083227927
3 51 1083227932
6 378 1083227956
6 376 1083227970
131 393 1083227981
335 50 1083227995
289 419 1083228130
335 278 1083228229
378 6 1083228241
6 378 1083228323
303 212 1083228343
161 162 1083228344
19 8 1083228374
378 6 1083228381
19 419 1083228508
249 8 1083228548
102 62 1083228595
325 378 1083228615
6 378 1083228627
325 378 1083228633
249 8 1083228674
321 52 1083228706
378 325 1083228717
44 19 1083228764
325 378 1083228771
249 8 1083228825
335 6 1083228826
378 6 1083228827
398 378 1083228861
378 325 1083228935
398 378 1083228946
96 74 1083228985
74 419 1083229006
398 378 1083229045
212 413 1083229086
398 368 1083229108
51 419 1083229110
44 129 1083229120
6 378 1083229121
398 378 1083229130
96 74 1083229147
335 6 1083229153
378 6 1083229162
228 311 1083229207
96 74 1083229222
3 51 1083229230
19 396 1083229246
6 378 1083229260
3 132 1083229270
398 378 1083229274
212 413 1083229327
398 405 1083229374
62 102 1083229450
335 6 1083229561
249 8 1083229563
212 413 1083229671
398 368 1083229682
303 212 1083229698
335 6 1083229743
51 3 1083229774
323 356 1083229785
36 296 1083229823
263 405 1083229875
398 368 1083229880
335 6 1083229906
323 102 1083229918
3 51 1083229949
335 6 1083230044
413 6 1083230107
212 51 1083230179
398 368 1083230195
294 51 1083230200
323 367 1083230229
335 6 1083230234
19 420 1083230262
19 420 1083230267
6 413 1083230307
323 421 1083230378
398 368 1083230422
294 51 1083230459
335 6 1083230466
413 6 1083230473
212 51 1083230516
398 6 1083230544
212 413 1083230557
368 294 1083230602
398 368 1083230662
335 263 1083230692
294 368 1083230754
145 281 1083230757
413 212 1083230764
368 294 1083230787
212 51 1083230814
398 368 1083230816
398 6 1083230861
335 6 1083230865
294 51 1083230895
132 3 1083230901
212 413 1083230929
378 6 1083230938
422 212 1083230975
398 368 1083231019
294 368 1083231024
3 132 1083231090
6 413 1083231106
294 288 1083231114
413 212 1083231139
288 294 1083231151
294 368 1083231176
102 62 1083231304
57 56 1083231316
413 6 1083231317
294 368 1083231344
263 311 1083231358
6 378 1083231362
372 407 1083231431
335 6 1083231449
372 389 1083231455
335 72 1083231550
294 368 1083231557
372 212 1083231587
6 413 1083231590
413 6 1083231656
372 389 1083231674
289 212 1083231682
256 48 1083231691
335 373 1083231710
372 72 1083231816
294 51 1083231837
378 6 1083231891
41 407 1083231903
340 56 1083231912
335 373 1083231930
335 6 1083231962
372 311 1083231982
372 233 1083232030
294 368 1083232037
335 174 1083232143
372 368 1083232248
405 263 1083232260
335 72 1083232403
263 405 1083232426
423 410 1083232434
423 410 1083232452
335 373 1083232469
372 368 1083232478
303 212 1083232586
144 283 1083232633
372 407 1083232641
405 263 1083232643
372 368 1083232697
335 115 1083232713
212 413 1083232727
413 212 1083232774
212 413 1083232817
335 60 1083232817
41 407 1083232820
6 413 1083232875
335 373 1083232880
372 212 1083232885
372 407 1083232915
6 378 1083232931
372 368 1083232951
335 60 1083232978
372 72 1083232997
228 378 1083233001
41 419 1083233052
69 373 1083233104
19 109 1083233106
373 311 1083233107
335 60 1083233118
176 419 1083233152
335 6 1083233192
69 373 1083233265
367 323 1083233343
69 228 1083233344
335 6 1083233393
144 48 1083233405
6 413 1083233405
372 72 1083233422
335 72 1083233493
144 338 1083233517
335 6 1083233519
41 407 1083233580
413 6 1083233637
372 212 1083233695
423 8 1083233715
372 72 1083233783
372 389 1083233829
144 413 1083233829
6 413 1083233878
389 68 1083233940
413 6 1083233951
321 212 1083233964
335 19 1083233986
228 386 1083233989
335 6 1083234049
335 72 1083234080
372 212 1083234110
372 72 1083234196
372 389 1083234230
372 389 1083234249
6 413 1083234303
423 97 1083234351
335 72 1083234367
423 128 1083234430
144 374 1083234431
72 372 1083234432
372 72 1083234479
335 6 1083234527
413 6 1083234563
335 72 1083234611
6 413 1083234656
72 372 1083234664
424 405 1083234686
300 384 1083234736
368 221 1083234758
212 372 1083234914
424 236 1083234961
335 6 1083235012
321 212 1083235033
372 212 1083235156
335 72 1083235159
372 72 1083235186
335 356 1083235335
72 372 1083235358
392 228 1083235473
372 212 1083235486
335 72 1083235487
368 236 1083235528
335 356 1083235563
236 368 1083235590
72 335 1083235626
356 335 1083235690
335 6 1083235699
335 356 1083235712
368 236 1083235797
236 368 1083235858
48 6 1083235881
6 335 1083235911
41 392 1083235927
176 392 1083236001
368 236 1083236005
413 6 1083236019
69 356 1083236041
48 6 1083236061
48 256 1083236089
6 413 1083236193
194 184 1083236229
48 6 1083236267
194 1 1083236330
48 6 1083236452
176 392 1083236576
194 296 1083236583
41 392 1083236626
48 6 1083236638
69 356 1083236722
176 392 1083236856
41 392 1083236965
176 392 1083237017
176 392 1083237065
103 392 1083237108
176 392 1083237176
48 6 1083237179
6 413 1083237302
41 392 1083237307
425 396 1083237327
176 392 1083237353
103 392 1083237361
422 335 1083237370
176 392 1083237424
425 378 1083237456
103 417 1083237472
48 6 1083237491
176 392 1083237525
41 392 1083237556
103 392 1083237566
176 392 1083237594
176 392 1083237719
103 392 1083237794
103 392 1083238210
103 392 1083238239
413 6 1083238386
103 392 1083238622
409 191 1083238636
409 50 1083238685
426 427 1083238697
103 392 1083238779
409 8 1083238807
6 413 1083238993
103 392 1083239194
409 194 1083239422
103 392 1083239491
409 6 1083239771
263 405 1083240046
409 260 1083240047
409 149 1083240172
409 413 1083240226
409 149 1083240338
234 391 1083241257
263 391 1083241604
338 386 1083242353
72 263 1083243666
329 415 1083245849
422 194 1083246241
174 335 1083256343
317 308 1083258752
386 399 1083259315
308 373 1083260122
36 428 1083260287
308 311 1083260296
36 413 1083260442
342 8 1083260812
342 63 1083261008
41 407 1083261574
398 6 1083262843
398 405 1083263129
289 392 1083263184
398 335 1083263287
429 242 1083263509
297 234 1083263529
32 429 1083264055
424 144 1083264059
321 392 1083264157
429 32 1083264199
32 429 1083264229
321 392 1083264232
321 392 1083264374
289 392 1083264483
321 392 1083264648
321 371 1083264726
321 392 1083264794
430 164 1083264928
430 58 1083264952
289 392 1083265011
321 392 1083265018
424 260 1083265342
321 392 1083265417
431 371 1083265441
289 392 1083265462
431 32 1083265544
424 175 1083265562
405 263 1083265644
431 88 1083265666
432 8 1083265696
289 392 1083265709
27 414 1083265785
398 405 1083265788
321 392 1083265804
429 309 1083265843
431 407 1083265935
431 407 1083265955
431 365 1083265986
431 32 1083266020
321 392 1083266201
289 392 1083266342
321 392 1083266402
289 392 1083266820
242 429 1083266892
424 315 1083266924
289 392 1083267043
289 392 1083267225
51 429 1083267231
321 392 1083267425
32 8 1083268141
263 405 1083268418
310 405 1083268576
431 407 1083268678
263 72 1083268939
63 430 1083268973
144 283 1083269981
398 8 1083270106
395 8 1083270976
398 8 1083271294
41 300 1083271359
378 425 1083271477
189 8 1083272862
388 212 1083273072
405 263 1083273354
342 194 1083273615
281 263 1083273670
56 345 1083273995
56 154 1083274023
56 340 1083274034
263 405 1083274366
263 405 1083274538
212 388 1083275223
334 358 1083276026
409 413 1083276092
409 191 1083276105
409 50 1083276120
433 434 1083276127
189 358 1083276247
405 263 1083276762
350 335 1083276810
350 376 1083276883
103 392 1083277021
435 308 1083277575
435 281 1083277603
372 409 1083277641
372 392 1083277680
350 436 1083277785
103 392 1083277821
434 433 1083277830
372 212 1083277910
372 429 1083278001
32 430 1083278108
72 263 1083278121
372 236 1083278229
263 405 1083278365
323 413 1083278424
372 429 1083278539
429 32 1083278540
429 242 1083278663
174 335 1083278872
372 429 1083279401
405 263 1083279509
372 407 1083279749
44 432 1083279789
242 429 1083280088
398 405 1083280205
62 266 1083280380
350 376 1083280400
62 266 1083280574
62 266 1083280862
62 266 1083281063
398 405 1083281321
145 281 1083281596
389 62 1083281792
389 68 1083281866
389 62 1083282259
340 56 1083282480
391 263 1083284481
391 349 1083284547
391 234 1083284623
27 414 1083284879
228 392 1083285399
357 407 1083285534
286 416 1083285834
392 228 1083285960
431 407 1083286295
74 437 1083286671
321 52 1083286676
400 323 1083286808
68 389 1083286816
345 56 1083286901
395 175 1083286970
204 432 1083287228
204 298 1083287250
145 281 1083287405
30 392 1083287781
400 429 1083287821
400 365 1083288050
30 392 1083288081
236 407 1083288140
228 392 1083288399
30 392 1083288437
400 392 1083288461
400 52 1083288584
400 52 1083288593
236 260 1083288609
236 191 1083288635
306 438 1083288783
387 386 1083288982
392 228 1083289317
392 30 1083289360
317 308 1083289361
317 281 1083289388
323 276 1083289393
323 395 1083289554
400 392 1083289697
400 365 1083289768
400 323 1083289825
400 188 1083290164
400 188 1083290174
400 157 1083290211
439 440 1083290337
407 236 1083290424
400 365 1083290620
396 425 1083290707
400 52 1083290768
398 405 1083290879
398 6 1083290915
52 201 1083290933
400 144 1083290989
400 314 1083291046
400 82 1083291153
32 429 1083291237
400 428 1083291308
400 428 1083291317
400 396 1083291491
191 236 1083291951
289 391 1083292063
124 396 1083292085
236 191 1083292146
400 323 1083292222
400 392 1083292410
441 442 1083292464
441 442 1083292473
441 442 1083292479
191 236 1083292560
145 281 1083292655
51 314 1083292740
400 441 1083292976
228 392 1083293041
316 355 1083293157
400 443 1083293194
400 444 1083293215
400 445 1083293313
400 445 1083293319
400 445 1083293327
400 445 1083293334
400 446 1083293365
396 124 1083293399
447 325 1083293460
124 396 1083293579
260 448 1083293695
260 283 1083293733
379 74 1083293851
407 396 1083293855
396 407 1083293880
407 396 1083293907
260 236 1083293908
124 396 1083293987
396 407 1083294056
234 391 1083294085
289 449 1083294124
396 124 1083294137
447 6 1083294155
69 450 1083294158
321 392 1083294176
124 396 1083294188
124 396 1083294219
447 6 1083294245
29 443 1083294290
124 396 1083294391
424 175 1083294431
447 6 1083294446
429 209 1083294488
429 372 1083294641
451 32 1083294661
451 67 1083294725
321 437 1083294761
429 32 1083294866
124 452 1083294870
297 372 1083294946
124 396 1083294976
297 272 1083294977
297 234 1083295015
400 396 1083295120
308 281 1083295131
281 308 1083295195
32 429 1083295254
308 281 1083295271
357 407 1083295290
308 281 1083295291
281 308 1083295318
396 124 1083295323
211 212 1083295337
357 429 1083295339
400 429 1083295361
281 308 1083295379
429 32 1083295558
124 396 1083295567
357 8 1083295682
308 281 1083295690
409 413 1083295732
400 396 1083295739
32 429 1083295758
409 6 1083295791
396 124 1083295815
400 429 1083295892
124 396 1083296018
357 65 1083296277
400 396 1083296296
400 396 1083296438
132 149 1083296557
425 378 1083296694
453 32 1083296804
302 393 1083296911
425 52 1083297062
289 65 1083297262
372 392 1083297415
372 429 1083297546
357 454 1083297847
392 228 1083297898
27 414 1083297932
323 455 1083297990
297 372 1083298139
310 405 1083298209
323 98 1083298291
323 98 1083298347
317 316 1083298378
456 457 1083298558
368 441 1083298874
323 458 1083298944
389 454 1083298982
74 379 1083299052
378 425 1083299196
323 88 1083299479
41 389 1083299659
88 323 1083299824
74 459 1083299898
176 445 1083299971
323 88 1083300012
323 88 1083300115
274 6 1083300189
41 437 1083300240
41 389 1083300288
323 88 1083300336
372 392 1083300341
323 281 1083300380
372 392 1083300438
44 296 1083300539
388 212 1083300603
140 201 1083300616
140 201 1083300644
274 74 1083300645
389 68 1083300769
44 74 1083300794
41 389 1083300797
323 88 1083300869
44 296 1083300902
274 416 1083300935
88 323 1083300944
323 88 1083300975
172 460 1083301076
274 6 1083301090
389 236 1083301131
274 6 1083301163
88 323 1083301192
372 461 1083301278
236 191 1083301289
460 172 1083301325
372 461 1083301329
44 74 1083301350
274 462 1083301388
44 296 1083301390
302 372 1083301408
281 323 1083301452
297 372 1083301509
274 6 1083301541
1 211 1083301618
62 389 1083301811
176 463 1083301862
303 194 1083302027
236 407 1083302080
176 463 1083302094
44 74 1083302387
236 389 1083302444
41 463 1083302546
44 74 1083302880
172 460 1083303087
19 443 1083303115
19 446 1083303192
44 74 1083303493
212 372 1083303878
289 65 1083303906
460 172 1083303935
297 372 1083303940
350 376 1083303968
103 464 1083303968
103 464 1083304156
297 172 1083304182
297 372 1083304262
447 6 1083304285
447 172 1083304390
41 463 1083304438
103 464 1083304457
465 456 1083304513
176 463 1083304600
41 463 1083304647
447 456 1083304662
466 392 1083304667
398 74 1083304671
398 74 1083304699
41 463 1083304744
389 236 1083304776
389 68 1083304793
176 463 1083304806
398 74 1083304815
396 425 1083304945
398 74 1083304971
389 467 1083305067
44 74 1083305133
398 74 1083305358
286 468 1083305492
398 134 1083305713
398 396 1083305780
378 396 1083305797
398 463 1083305835
164 430 1083305837
134 398 1083305926
398 164 1083305935
398 463 1083305961
398 134 1083305995
236 389 1083306082
44 74 1083306087
396 378 1083306434
389 236 1083306457
263 409 1083306477
409 263 1083306505
469 463 1083306644
140 470 1083306677
263 409 1083306726
19 134 1083306727
424 175 1083306764
409 263 1083306788
463 469 1083306794
398 463 1083306810
378 396 1083306877
398 463 1083306911
321 392 1083307008
469 463 1083307015
396 378 1083307041
398 365 1083307044
398 471 1083307114
321 460 1083307320
398 468 1083307498
463 469 1083307616
41 437 1083307725
469 463 1083307908
38 288 1083308148
38 365 1083308166
38 288 1083308300
38 437 1083308358
469 463 1083308512
38 288 1083308576
38 288 1083308579
38 288 1083308580
38 288 1083308615
378 396 1083308624
396 378 1083308667
9 391 1083308770
38 437 1083308809
472 263 1083308869
38 288 1083308905
41 437 1083308939
41 473 1083308943
9 282 1083309112
38 288 1083309115
38 288 1083309252
357 409 1083309284
263 472 1083309314
357 437 1083309325
472 263 1083309363
38 288 1083309393
38 288 1083309399
396 378 1083309421
38 288 1083309554
357 409 1083309568
103 464 1083309582
67 32 1083309592
409 349 1083309603
357 405 1083309630
38 288 1083309673
103 134 1083309690
407 236 1083309725
357 409 1083309763
19 409 1083309822
38 409 1083309829
67 396 1083309866
212 472 1083309930
357 409 1083309948
67 378 1083310002
212 472 1083310014
103 464 1083310096
357 409 1083310115
474 32 1083310132
474 456 1083310150
474 74 1083310305
357 409 1083310311
429 32 1083310326
357 464 1083310383
429 372 1083310483
475 368 1083310529
357 409 1083310555
263 332 1083310587
424 343 1083310597
424 405 1083310677
41 407 1083310709
357 409 1083310816
357 476 1083310870
317 309 1083310959
357 409 1083310976
477 1 1083311178
357 409 1083311184
67 396 1083311200
357 460 1083311250
212 472 1083311281
321 460 1083311302
357 409 1083311312
19 409 1083311318
19 409 1083311337
38 409 1083311345
357 168 1083311364
357 409 1083311403
19 409 1083311423
263 460 1083311452
19 409 1083311485
357 409 1083311606
19 478 1083311619
38 478 1083311647
19 409 1083311662
38 464 1083311738
19 409 1083311791
38 405 1083311793
357 409 1083311809
19 409 1083311818
263 472 1083311833
6 472 1083311923
19 409 1083311949
357 409 1083311952
19 409 1083311973
19 409 1083311994
263 479 1083312129
398 405 1083312133
321 460 1083312164
19 409 1083312240
321 460 1083312365
19 409 1083312429
357 409 1083312506
475 368 1083312526
19 409 1083312543
480 212 1083312554
321 460 1083312561
212 480 1083312570
479 263 1083312583
212 480 1083312587
67 396 1083312600
373 308 1083312628
212 481 1083312632
212 481 1083312663
357 409 1083312764
212 481 1083312772
475 368 1083312776
368 460 1083312838
398 365 1083312840
357 409 1083312846
321 263 1083312877
321 482 1083312930
460 368 1083312936
321 212 1083312978
357 409 1083312979
483 368 1083312999
368 460 1083313011
372 429 1083313081
212 481 1083313083
19 409 1083313144
359 460 1083313148
460 359 1083313184
398 175 1083313196
6 481 1083313268
359 460 1083313325
481 6 1083313329
483 368 1083313370
277 482 1083313392
392 466 1083313408
277 481 1083313410
6 481 1083313420
392 466 1083313436
212 481 1083313499
277 481 1083313502
481 6 1083313502
6 481 1083313547
481 6 1083313581
282 34 1083313586
19 481 1083313590
321 460 1083313591
277 482 1083313598
6 481 1083313612
466 392 1083313628
277 481 1083313645
274 6 1083313678
321 392 1083313711
392 466 1083313720
372 460 1083313729
19 109 1083313737
274 481 1083313760
321 454 1083313785
321 392 1083313806
483 368 1083313808
372 466 1083313836
460 359 1083313860
368 483 1083313868
423 343 1083313877
481 6 1083313911
423 454 1083313916
277 482 1083313920
484 372 1083313924
321 392 1083313937
321 88 1083313961
310 405 1083313967
274 481 1083313981
321 376 1083313988
483 368 1083313996
481 6 1083314001
357 466 1083314003
274 481 1083314004
398 254 1083314012
321 343 1083314013
277 481 1083314029
274 376 1083314030
321 392 1083314042
274 481 1083314057
321 460 1083314100
357 120 1083314105
460 372 1083314114
484 372 1083314115
398 72 1083314115
277 482 1083314151
321 352 1083314154
236 407 1083314176
277 481 1083314225
321 460 1083314229
372 460 1083314254
321 472 1083314264
321 191 1083314306
368 483 1083314311
423 464 1083314313
131 368 1083314333
321 278 1083314364
321 392 1083314390
460 372 1083314408
228 314 1083314424
321 460 1083314455
321 392 1083314502
321 405 1083314545
372 460 1083314553
357 480 1083314596
321 392 1083314626
282 214 1083314692
372 482 1083314706
277 352 1083314742
131 368 1083314781
321 392 1083314788
309 352 1083314790
289 392 1083314803
321 481 1083314852
236 389 1083314864
485 175 1083314867
321 392 1083314890
398 480 1083314895
321 8 1083314910
131 368 1083314919
289 392 1083314968
321 288 1083314977
372 482 1083315040
372 482 1083315049
372 482 1083315060
407 236 1083315068
321 392 1083315076
321 460 1083315097
172 486 1083315125
321 288 1083315134
460 372 1083315150
483 368 1083315165
193 63 1083315178
321 481 1083315196
321 288 1083315238
67 396 1083315249
321 392 1083315326
321 313 1083315520
463 469 1083315541
321 309 1083315557
321 392 1083315587
321 75 1083315692
321 368 1083315742
321 120 1083315791
423 392 1083315804
479 481 1083315817
321 487 1083315828
321 175 1083315860
481 479 1083315869
321 75 1083315908
321 464 1083315948
479 481 1083315949
308 435 1083315982
423 392 1083316013
172 488 1083316091
321 349 1083316174
297 75 1083316217
321 309 1083316241
372 460 1083316330
479 358 1083316365
484 372 1083316390
321 479 1083316416
439 440 1083316429
321 450 1083316438
368 483 1083316444
317 281 1083316476
321 313 1083316506
321 368 1083316522
484 372 1083316555
321 489 1083316624
321 368 1083316636
321 72 1083316686
140 308 1083316707
483 368 1083316711
321 236 1083316714
317 429 1083316716
321 358 1083316732
321 487 1083316750
172 460 1083316802
321 476 1083316803
483 479 1083316808
321 72 1083316841
368 483 1083316862
321 368 1083316863
321 376 1083316914
479 8 1083316917
321 487 1083316924
321 368 1083316931
475 481 1083316936
51 489 1083316980
321 368 1083316994
321 72 1083317016
277 172 1083317020
483 479 1083317022
409 8 1083317029
483 368 1083317062
484 372 1083317065
51 149 1083317087
19 409 1083317111
389 68 1083317125
19 109 1083317127
321 480 1083317129
317 479 1083317154
321 376 1083317156
19 409 1083317200
321 376 1083317240
424 175 1083317248
389 236 1083317252
389 62 1083317301
19 302 1083317358
321 236 1083317370
321 325 1083317424
376 6 1083317428
350 376 1083317449
51 476 1083317456
321 490 1083317535
321 491 1083317550
321 372 1083317569
321 344 1083317585
321 365 1083317606
321 402 1083317641
51 466 1083317646
321 228 1083317696
321 172 1083317734
402 281 1083317748
321 174 1083317749
19 302 1083317776
263 344 1083317863
236 389 1083317956
9 282 1083317996
51 120 1083318019
483 368 1083318048
236 407 1083318077
492 389 1083318166
493 128 1083318184
494 63 1083318196
492 343 1083318209
494 389 1083318226
128 493 1083318229
9 466 1083318240
447 51 1083318247
447 51 1083318306
9 472 1083318377
9 463 1083318409
389 236 1083318425
9 465 1083318493
424 495 1083318551
308 263 1083318600
140 308 1083318601
9 389 1083318668
494 389 1083318750
263 308 1083318781
494 389 1083318785
9 460 1083318800
494 463 1083318830
236 191 1083318885
494 389 1083318946
447 372 1083318947
494 389 1083319066
228 463 1083319086
400 429 1083319129
494 445 1083319168
400 365 1083319273
209 437 1083319352
494 429 1083319403
400 392 1083319430
9 389 1083319431
400 61 1083319520
9 389 1083319564
236 389 1083319638
19 302 1083319664
209 429 1083319677
9 8 1083319774
9 177 1083319837
400 396 1083319909
400 472 1083320000
389 236 1083320013
400 454 1083320043
400 454 1083320047
263 454 1083320169
400 343 1083320170
472 263 1083320191
483 368 1083320217
19 409 1083320298
19 409 1083320315
409 302 1083320328
19 409 1083320411
9 389 1083320444
400 389 1083320493
483 368 1083320594
368 236 1083320640
263 389 1083320729
44 19 1083320758
466 372 1083320807
368 468 1083320832
483 368 1083320838
336 333 1083320843
263 297 1083320847
468 300 1083320854
400 392 1083320892
475 468 1083320896
475 468 1083320914
466 51 1083320941
483 368 1083320958
475 496 1083320966
484 372 1083321000
479 278 1083321034
372 466 1083321071
483 368 1083321084
405 263 1083321107
405 263 1083321108
466 372 1083321208
297 263 1083321308
484 372 1083321318
103 480 1083321319
475 496 1083321335
400 392 1083321354
483 368 1083321361
497 405 1083321375
263 405 1083321389
372 466 1083321414
297 263 1083321424
405 497 1083321502
497 405 1083321549
103 454 1083321551
263 297 1083321570
236 368 1083321618
297 263 1083321630
405 263 1083321647
405 497 1083321664
321 365 1083321667
389 263 1083321677
321 405 1083321682
103 437 1083321686
498 495 1083321711
497 405 1083321778
405 497 1083321822
263 297 1083321836
321 405 1083321865
368 236 1083321901
321 437 1083321938
297 263 1083321941
497 405 1083321987
484 372 1083322000
212 372 1083322006
400 392 1083322031
236 389 1083322034
263 297 1083322088
297 263 1083322153
236 368 1083322167
355 316 1083322178
355 102 1083322219
368 236 1083322282
389 236 1083322381
497 302 1083322392
263 297 1083322506
344 263 1083322650
297 263 1083322745
263 344 1083322840
483 368 1083322845
103 437 1083322884
498 97 1083322898
321 392 1083323008
194 499 1083323039
194 303 1083323116
194 184 1083323168
53 481 1083323222
496 475 1083323241
475 496 1083323301
194 344 1083323308
63 193 1083323367
496 454 1083323406
62 368 1083323418
496 475 1083323429
194 60 1083323442
6 376 1083323486
41 437 1083323488
194 182 1083323501
297 289 1083323507
194 368 1083323519
475 496 1083323519
1 477 1083323554
321 500 1083323590
194 209 1083323602
297 289 1083323702
62 454 1083323712
321 491 1083323716
194 62 1083323779
501 236 1083323785
263 297 1083323817
62 481 1083323831
321 502 1083323848
501 236 1083323927
62 349 1083324003
321 502 1083324033
501 236 1083324034
297 263 1083324048
501 236 1083324094
321 502 1083324156
62 236 1083324174
501 236 1083324233
297 263 1083324234
309 502 1083324264
6 343 1083324282
321 502 1083324298
502 309 1083324319
332 263 1083324379
194 223 1083324380
321 392 1083324394
321 502 1083324413
309 502 1083324443
379 74 1083324474
321 392 1083324489
321 392 1083324513
6 84 1083324527
502 309 1083324546
379 289 1083324587
62 465 1083324605
62 236 1083324634
263 297 1083324651
501 236 1083324661
263 297 1083324691
309 502 1083324730
62 502 1083324731
263 503 1083324795
502 309 1083324796
221 368 1083324803
297 263 1083324846
502 62 1083324849
379 289 1083324869
321 392 1083324873
503 263 1083324969
321 480 1083324988
379 74 1083325025
194 62 1083325027
379 289 1083325041
321 392 1083325072
62 502 1083325116
392 502 1083325151
379 289 1083325166
502 62 1083325194
194 62 1083325241
334 62 1083325245
502 392 1083325251
297 263 1083325292
181 454 1083325323
392 502 1083325331
62 502 1083325332
321 392 1083325359
502 392 1083325405
194 62 1083325426
321 495 1083325439
62 236 1083325441
502 62 1083325464
392 502 1083325478
62 502 1083325489
502 392 1083325495
502 392 1083325517
334 62 1083325518
502 62 1083325547
194 62 1083325557
62 502 1083325585
263 297 1083325596
321 437 1083325658
334 437 1083325662
194 62 1083325710
321 504 1083325775
181 495 1083325935
181 294 1083326040
194 62 1083326439
220 505 1083326466
194 62 1083326558
220 88 1083326757
103 437 1083326906
128 325 1083327170
128 62 1083327231
128 62 1083327755
128 62 1083328184
62 128 1083328922
501 236 1083329343
501 236 1083329363
501 236 1083329391
501 236 1083329403
501 236 1083329436
501 236 1083329623
60 296 1083333640
32 429 1083337683
483 368 1083342467
70 174 1083344234
9 466 1083344445
70 482 1083345312
70 482 1083345755
429 372 1083345802
398 405 1083346279
398 97 1083347033
289 97 1083347079
342 194 1083347095
453 264 1083347118
429 209 1083347161
429 32 1083347189
342 454 1083347328
447 372 1083347471
209 194 1083348547
321 437 1083348827
321 316 1083349446
321 209 1083349471
348 338 1083349493
316 355 1083349494
321 506 1083349516
321 316 1083349545
321 507 1083349593
321 209 1083349621
316 263 1083349636
321 316 1083349660
321 348 1083349691
263 316 1083349954
263 316 1083349979
316 263 1083350157
355 316 1083350205
263 316 1083350271
263 316 1083350293
355 316 1083350326
316 355 1083350462
316 263 1083350477
355 316 1083350606
316 355 1083350618
344 263 1083350747
316 355 1083350766
344 194 1083350807
355 316 1083351004
316 355 1083351078
32 154 1083351372
431 398 1083351830
212 480 1083352164
431 372 1083352438
431 372 1083352444
212 303 1083352478
212 372 1083352647
431 454 1083352800
431 454 1083352801
431 454 1083352807
355 316 1083352945
405 508 1083353286
398 405 1083353384
398 254 1083353593
508 405 1083353747
474 74 1083353804
41 503 1083354018
358 479 1083354339
509 454 1083354503
372 508 1083354806
194 456 1083354838
431 372 1083354987
372 355 1083355057
260 236 1083355214
260 51 1083355309
176 453 1083355579
303 212 1083355681
303 194 1083355729
431 372 1083355827
508 372 1083356085
321 454 1083356181
321 358 1083356219
454 263 1083356345
211 194 1083356462
27 184 1083356545
454 496 1083356634
454 181 1083356924
68 437 1083357006
391 289 1083357053
263 257 1083357160
454 510 1083358463
456 194 1083358713
448 352 1083358855
181 454 1083358864
74 379 1083358885
74 379 1083358947
350 365 1083359029
69 450 1083359133
69 263 1083359145
296 194 1083359189
53 481 1083359230
69 124 1083359274
372 508 1083359292
44 432 1083359301
372 460 1083359352
34 313 1083359421
44 372 1083359473
53 254 1083359521
44 34 1083359533
325 128 1083359571
447 325 1083359592
44 511 1083359610
447 34 1083359620
128 325 1083359662
325 128 1083359796
212 263 1083359871
212 48 1083360329
19 512 1083360333
299 399 1083360347
128 325 1083360559
212 211 1083360608
460 372 1083361240
323 281 1083361503
513 388 1083361663
513 514 1083361686
465 62 1083361762
323 88 1083362027
323 124 1083362077
440 513 1083362141
317 308 1083362319
474 74 1083362438
474 32 1083362610
422 365 1083362722
263 212 1083362860
62 454 1083362953
62 481 1083362973
62 465 1083363028
422 460 1083363126
101 515 1083363294
453 516 1083363295
228 392 1083363410
465 62 1083363467
474 236 1083363467
517 368 1083363513
289 391 1083363532
517 68 1083363572
379 74 1083363628
517 289 1083363691
379 450 1083363692
359 460 1083363693
465 398 1083363780
379 432 1083363985
432 379 1083364142
297 248 1083364175
474 236 1083364215
297 272 1083364245
181 432 1083364769
368 194 1083365281
281 402 1083365356
281 323 1083365387
368 221 1083365435
425 378 1083365527
425 396 1083365539
368 359 1083365562
368 309 1083365601
359 368 1083365636
368 359 1083365702
359 368 1083365789
342 454 1083365808
474 359 1083365820
294 51 1083365831
368 359 1083365860
359 368 1083365928
62 465 1083365941
62 481 1083365954
517 368 1083365962
62 368 1083365967
474 359 1083365974
517 359 1083366022
9 465 1083366146
368 359 1083366154
474 359 1083366176
9 391 1083366212
359 368 1083366252
9 194 1083366267
368 359 1083366338
359 368 1083366409
474 359 1083366417
194 211 1083366464
368 359 1083366482
194 456 1083366488
359 368 1083366569
372 460 1083366655
368 359 1083366699
474 32 1083366835
359 368 1083366869
316 355 1083366883
378 425 1083366912
474 359 1083366953
378 396 1083366972
368 359 1083367234
359 368 1083367358
368 359 1083367560
465 62 1083367654
359 368 1083367695
359 368 1083367719
32 209 1083367816
518 345 1083367829
368 359 1083367866
456 194 1083367874
19 519 1083368202
19 519 1083368209
483 368 1083368353
520 32 1083368629
493 329 1083368664
143 32 1083368707
400 504 1083368742
521 305 1083368757
400 428 1083368985
273 272 1083369119
389 496 1083369266
273 522 1083369283
62 368 1083369720
62 465 1083369736
523 524 1083369796
469 519 1083369836
44 432 1083369913
44 432 1083369943
379 432 1083370207
469 463 1083370347
400 454 1083370813
400 396 1083370916
400 429 1083371092
520 291 1083371200
520 291 1083371209
520 292 1083371301
400 429 1083371496
44 211 1083371920
422 365 1083372099
496 454 1083372535
214 525 1083372650
321 454 1083373569
392 228 1083373718
41 523 1083373723
321 359 1083373791
321 480 1083373870
477 526 1083374156
32 527 1083374740
457 456 1083374861
350 365 1083375076
9 282 1083375114
36 413 1083375115
9 465 1083375292
425 378 1083375357
350 365 1083375527
460 359 1083375812
9 8 1083375868
9 8 1083375874
9 282 1083376059
9 8 1083376120
9 465 1083376202
9 8 1083376234
9 8 1083376431
9 527 1083376511
9 528 1083376535
9 8 1083376596
302 497 1083376691
9 8 1083376810
9 8 1083376820
297 234 1083377066
441 368 1083377106
209 32 1083377310
9 8 1083377313
447 325 1083377948
447 34 1083378007
447 48 1083379055
9 8 1083379649
62 375 1083380009
12 175 1083380818
12 302 1083381158
51 529 1083381354
51 528 1083381542
51 523 1083381556
51 530 1083381570
456 527 1083381925
456 527 1083381932
456 501 1083382071
447 48 1083382740
447 48 1083382828
363 502 1083382892
389 424 1083383179
400 428 1083383211
400 286 1083384365
396 378 1083384499
357 409 1083384525
400 396 1083384570
357 502 1083384595
